0.0;0.8;0.8;0.0
0.6;0.8;0.8;-1.3654115694804635e-05
0.2500000000000002;0.8;0.8;7.3815146344244015e-06
0.30000000000000016;0.8;0.8;1.929316721655236e-05
0.30000000000000027;0.8;0.8;2.6391175804196493e-05
0.2500000000000002;0.8;0.8;4.410097433420097e-05
0.30000000000000004;0.8;0.8;6.701490086386677e-05
0.29999999999999893;0.8;0.8;5.326622584069831e-05
0.34999999999999876;0.8;0.8;0.0001392945649213324
0.3999999999999986;0.8;0.8;0.00019619653132301753
0.29999999999999893;0.8;0.8;0.00023759271676728388
0.29999999999999893;0.8;0.8;0.0002594790062446576
0.29999999999999893;0.8;0.8;0.00023273263376717942
0.29999999999999893;0.8;0.8;0.00032907113758409695
0.34999999999999876;0.8;0.8;0.00038511274307767926
0.29999999999999893;0.8;0.8;0.00043791233640237703
0.34999999999999876;0.8;0.8;0.0004967108690569974
0.3999999999999986;0.8;0.8;0.0005386910237445433
0.34999999999999876;0.8;0.8;0.0005993089646558257
0.2499999999999991;0.8;0.8;0.0006086893718940834
0.29999999999999893;0.8;0.8;0.000655623008226499
0.29999999999999893;0.8;0.8;0.000686862945396565
0.34999999999999876;0.8;0.8;-0.00029714127584248894
0.29999999999999893;0.8;0.8;-0.0002779508600500014
0.29999999999999893;-0.4;-0.4;-0.0002833393744624186
0.35000000000000053;-0.4;-0.4;-0.0003284376573919659
0.30000000000000426;-0.4;-0.4;-0.00034521389904989186
0.25000000000000355;-0.4;-0.4;-0.0003472377332535815
0.30000000000000426;-0.4;-0.4;-0.0003282207276176029
0.30000000000000426;-0.4;-0.4;-0.00032653464773772187
0.30000000000000426;-0.4;-0.4;-0.0003266493899637615
0.4000000000000057;-0.4;-0.4;-0.0003024936804879533
0.30000000000000426;-0.4;-0.4;-0.0003516379008695042
0.350000000000005;-0.4;-0.4;-0.00035472936675424847
0.30000000000000426;-0.4;-0.4;-0.00036137747020823706
0.350000000000005;-0.4;-0.4;-0.0003773189349477886
0.30000000000000426;-0.4;-0.4;-0.0003699945877501978
0.20000000000000284;-0.4;-0.4;-0.00036326731149907357
0.30000000000000426;-0.4;-0.4;-0.000346283623553089
0.25000000000000355;-0.4;-0.4;-0.00028719987164595206
0.350000000000005;-0.4;-0.4;-0.000315605256406731
0.30000000000000426;-0.4;-0.4;-0.00032221881076428306
0.30000000000000426;-0.4;-0.4;-0.0003515521350744441
0.30000000000000426;-0.4;-0.4;-0.0004469693472599677
0.350000000000005;-0.4;-0.4;-0.0004530678696606248
0.350000000000005;-0.4;-0.4;-0.0004789216577018752
0.30000000000000426;-0.4;-0.4;-0.0005216065997665949
0.350000000000005;-0.4;-0.4;-0.0005474661531169137
0.350000000000005;-0.4;-0.4;-0.000513801783772517
0.30000000000000426;-0.4;-0.4;-0.00050958948304957
0.25000000000000355;0.72;-0.72;-0.09431389116344281
0.350000000000005;0.6985;-0.6985;-0.23374722163930534
0.30000000000000426;0.6665;-0.6665;-0.3439638999156715
0.30000000000000426;0.6413;-0.6413;-0.4500621910305822
0.4000000000000057;0.617;-0.617;-0.5861810218034869
0.25000000000000355;0.5858;-0.5858;-0.670086493540003
0.350000000000005;0.5665;-0.5665;-0.7802819311307657
0.25000000000000355;0.5413;-0.5413;-0.8600250076729804
0.350000000000005;0.523;-0.523;-0.967883172181385
0.30000000000000426;0.4983;-0.4983;-1.0559682028226414
0.30000000000000426;0.4781;-0.4781;-1.1405321745796912
0.25000000000000355;0.4587;-0.4587;-1.2080812228646147
0.5500000000000078;0.4432;-0.4432;-1.351722932837233
0.30000000000000426;0.4103;-0.4103;-1.4242524097726383
0.30000000000000426;0.3937;-0.3937;-1.493847653300963
0.30000000000000426;0.3778;-0.3778;-1.5606186008279848
0.25000000000000355;0.3624;-0.3624;-1.613996829885648
0.30000000000000426;0.3502;-0.3502;-1.6758933815387376
0.30000000000000426;0.336;-0.336;-1.7352716594881523
0.30000000000000426;0.3224;-0.3224;-1.7922659749715475
0.4000000000000057;0.3094;-0.3094;-1.8651802532131818
0.25000000000000355;0.2926;-0.2926;-1.908299032066983
0.25000000000000355;0.2828;-0.2828;-1.949934960535217
0.30000000000000426;0.2732;-0.2732;-1.99824027607923
0.25000000000000355;0.2622;-0.2622;-2.036855146570403
0.25000000000000355;0.2533;-0.2533;-2.0741677551508313
0.25000000000000355;0.2448;-0.2448;-2.110216168265434
0.25000000000000355;0.2365;-0.2365;-2.145055218110087
0.4000000000000057;0.2285;-0.2285;-2.1989095813315647
0.25000000000000355;0.2162;-0.2162;-2.2307442121393106
0.30000000000000426;0.2089;-0.2089;-2.267655304211355
0.30000000000000426;0.2004;-0.2004;-2.3030930991631413
0.350000000000005;0.2;-0.2;-2.3443270072422546
0.30000000000000426;0.2;-0.2;-2.379684539495432
0.25000000000000355;0.2;-0.2;-2.4091528599349896
0.350000000000005;0.2;-0.2;-2.4504022864027797
0.350000000000005;0.2;-0.2;-2.4916483714638367
0.30000000000000426;0.2;-0.2;-2.527001681194525
0.350000000000005;0.2;-0.2;-2.568229192651518
0.25000000000000355;0.2;-0.2;-2.5976959010924414
0.30000000000000426;0.2;-0.2;-2.6330374572060005
0.25000000000000355;0.2;-0.2;-2.662492815636541
0.25000000000000355;0.2;-0.2;-2.691948876520262
0.4000000000000057;0.2;-0.2;-2.7390704756830035
0.350000000000005;0.2;-0.2;-2.780322145469619
0.30000000000000426;0.2;-0.2;-2.8156735480777044
0.350000000000005;0.2;-0.2;-2.8569253550785323
0.30000000000000426;0.2;-0.2;-2.8922792471704666
0.30000000000000426;0.2;-0.2;-2.9276311581390275
0.350000000000005;0.2;-0.2;-2.96886997549716
0.25000000000000355;0.2;-0.2;-2.998325010158546
0.4500000000000064;0.2;-0.2;-3.0513586824528764
0.30000000000000426;0.2;-0.2;-3.0867138253020685
0.24999999999998934;0.2;-0.2;-3.1161828003002494
0.2499999999999858;0.2;-0.2;-3.145661572875493
0.29999999999998295;0.2;-0.2;-3.181023291872672
0.2499999999999858;0.6232;0.8;-3.167998806791404
0.29999999999998295;0.6883;0.8;-3.1581140787646333
0.3499999999999801;0.7377;0.8;-3.151688962884454
0.39999999999997726;0.7699;0.8;-3.1481432471417885
0.3499999999999801;0.8;0.8;-3.148142631510709
0.29999999999998295;0.8;0.8;-3.1481424618427583
0.2499999999999858;0.8;0.8;-3.1480677720751027
0.29999999999998295;0.8;0.8;-3.1479724125901014
0.29999999999998295;0.8;0.8;-3.147951990131446
0.2499999999999858;0.8;0.8;-3.1479049092193363
0.39999999999997726;0.8;0.8;-3.1478244376082865
0.29999999999998295;0.8;0.8;-3.147826978464612
0.2499999999999858;0.8;0.8;-3.1478479460645943
0.29999999999998295;0.8;0.8;-3.147852110483413
0.39999999999997726;0.8;0.8;-3.1478888899191486
0.29999999999998295;0.8;0.8;-3.1479254194748965
0.29999999999998295;0.8;0.8;-3.1479809029982224
0.39999999999997726;0.8;0.8;-3.148001770381584
0.29999999999998295;0.8;0.8;-3.1479790083430745
0.2499999999999858;0.8;0.8;-3.148032991026696
0.29999999999998295;0.8;0.8;-3.1480501220995043
0.29999999999998295;0.8;0.8;-3.148208583584421
0.2499999999999858;0.8;0.8;-3.1482381997446924
0.39999999999997726;0.8;0.8;-3.1482416004235194
0.2499999999999858;0.8;0.8;-3.148266299377001
0.3499999999999801;0.8;0.8;-3.148286913316523
0.2499999999999858;0.8;0.8;-3.148304711736421
0.29999999999998295;0.8;0.8;-3.1483340113818024
0.2499999999999858;0.8;0.8;-3.148359771544422
0.29999999999998295;0.8;0.8;-3.1484603935211837
0.29999999999998295;0.8;0.8;-3.148518803734586
0.3499999999999801;0.8;0.8;-3.1487308264571316
0.39999999999997726;0.7847;0.8;-3.1471232948139907
0.2499999999999858;0.8;0.8;-3.147131935552976
0.29999999999998295;0.8;0.8;-3.147170631727886
0.29999999999998295;0.8;0.8;-3.147212639313396
0.2499999999999858;0.8;0.8;-3.1472480595964494
0.29999999999998295;0.8;0.8;-3.1472941513676482
0.29999999999998295;0.8;0.8;-3.1473091002364177
0.3499999999999801;0.8;0.8;-3.147371856464408
0.3499999999999801;0.8;0.8;-3.1473899255204207
0.3499999999999801;-0.4;-0.4;-3.1473852059259326
0.2499999999999858;-0.4;-0.4;-3.1473771575204164
0.3499999999999801;-0.4;-0.4;-3.147351517337127
0.2499999999999858;-0.4;-0.4;-3.1473456626727527
0.29999999999998295;-0.4;-0.4;-3.1473110121810888
0.29999999999998295;-0.4;-0.4;-3.147252971220996
0.3499999999999801;-0.4;-0.4;-3.147241444791985
0.3499999999999801;-0.4;-0.4;-3.1471786275827287
0.29999999999998295;-0.4;-0.4;-3.1470990606337677
0.2499999999999858;-0.4;-0.4;-3.1470634671342728
0.2499999999999858;-0.4;-0.4;-3.1470125839631837
0.29999999999998295;-0.4;-0.4;-3.146960394202477
0.2499999999999858;-0.4;-0.4;-3.14695585123646
0.3499999999999801;-0.4;-0.4;-3.146970374720115
0.29999999999998295;-0.4;-0.4;-3.1470233587503467
0.29999999999998295;-0.4;-0.4;-3.147027599582222
0.2499999999999858;-0.4;-0.4;-3.146987227359632
0.29999999999998295;-0.4;-0.4;-3.14689616796376
0.2499999999999858;-0.4;-0.4;-3.1468605919488826
0.29999999999998295;-0.4;-0.4;-3.1467852753450405
0.2499999999999858;-0.4;-0.4;-3.1467573860362554
0.3499999999999801;-0.4;-0.4;-3.1465670148912808
0.29999999999998295;-0.4;-0.4;-3.1465495721543917
0.3499999999999801;-0.4;-0.4;-3.146561992885826
0.29999999999998295;-0.4;-0.4;-3.146391825164783
0.3499999999999801;-0.4;-0.4;-3.146366805750821
0.29999999999998295;-0.4;-0.4;-3.1462896233889177
0.29999999999998295;0.72;0.0;-3.20227854633641
0.3499999999999801;0.7072;0.0;-3.2753959557469408
0.3499999999999801;0.6904;0.0;-3.3465568204060805
0.3499999999999801;0.6741;0.0;-3.416157301943932
0.3499999999999801;0.6581;0.0;-3.4841727126896402
0.29999999999998295;0.6425;0.0;-3.54101989758723
0.3499999999999801;0.6295;0.0;-3.605924232515907
0.29999999999998295;0.6146;0.0;-3.6602351339117063
0.29999999999998295;0.6022;0.0;-3.7136418296569493
0.29999999999998295;0.59;0.0;-3.7659183366020414
0.29999999999998295;0.578;0.0;-3.817132461072495
0.29999999999998295;0.5662;0.0;-3.8671674785302117
0.29999999999998295;0.5548;0.0;-3.916188293052082
0.29999999999998295;0.5435;0.0;-3.96396320251676
0.39999999999997726;0.5326;0.0;-4.026360631474127
0.29999999999998295;0.5183;0.0;-4.071883546038349
0.3499999999999801;0.5079;0.0;-4.124243725799714
0.29999999999998295;0.4959;0.0;-4.167856096356461
0.29999999999998295;0.4859;0.0;-4.210486379735015
0.2499999999999858;0.4761;0.0;-4.245346802929502
0.2499999999999858;0.4681;0.0;-4.27965666240713
0.29999999999998295;0.4602;0.0;-4.32012481047536
0.29999999999998295;0.451;0.0;-4.359692446677227
0.3499999999999801;0.4419;0.0;-4.40493093368183
0.3499999999999801;0.4315;0.0;-4.449330492756865
0.29999999999998295;0.4213;0.0;-4.486416551615165
0.29999999999998295;0.4128;0.0;-4.522799593022788
0.2499999999999858;0.4045;0.0;-4.55238205175687
0.29999999999998295;0.3977;0.0;-4.587350723030005
0.2499999999999858;0.3897;0.0;-4.615840060005053
0.29999999999998295;0.3832;0.0;-4.649475542159231
0.3499999999999801;0.3755;0.0;-4.688001554811975
0.29999999999998295;0.3666;0.0;-4.720190804518257
0.3499999999999872;0.3593;0.0;-4.756943349006827
0.29999999999998295;0.3508;0.0;-4.787778229625292
0.29999999999998295;0.3438;0.0;-4.817939864903433
0.29999999999998295;0.3369;0.0;-4.847615764080627
0.2499999999999858;0.3301;0.0;-4.871787470755438
0.29999999999998295;0.3245;0.0;-4.900355906676085
0.29999999999998295;0.318;0.0;-4.928284815342339
0.3499999999999801;0.3116;0.0;-4.960144535242704
0.2499999999999858;0.3043;0.0;-4.98236818561689
0.29999999999998295;0.2992;0.0;-5.008636470633186
0.3499999999999801;0.2932;0.0;-5.0386678130502025
0.2499999999999858;0.2863;0.0;-5.059632703420334
0.3499999999999801;0.2815;0.0;-5.088440496411786
0.2499999999999858;0.2749;0.0;-5.1085366769238965
0.3499999999999801;0.2703;0.0;-5.136274104334949
0.29999999999998295;0.2639;0.0;-5.159474409769404
0.2499999999999858;0.2586;0.0;-5.178352210024961
0.29999999999998295;0.2543;0.0;-5.20069792679534
0.2499999999999858;0.2491;0.0;-5.218885948029262
0.29999999999998295;0.245;0.0;-5.24039419360808
0.29999999999998295;0.24;0.0;-5.261463201398665
0.3499999999999801;0.2352;0.0;-5.285551287484342
0.19999999999998863;0.2297;0.0;-5.299025057802135
0.29999999999998295;0.2266;0.0;-5.318944682909459
0.2499999999999858;0.222;0.0;-5.335137063118818
0.29999999999998295;0.2183;0.0;-5.3543098049952
0.29999999999998295;0.2139;0.0;-5.3730814966216816
0.2499999999999858;0.2096;0.0;-5.388404984349739
0.29999999999998295;0.2061;0.0;-5.406514264010064
0.3499999999999801;0.202;0.0;-5.427153257025793
0.29999999999998295;0.2;0.0;-5.444662400641268
0.2499999999999858;0.2;0.0;-5.459280161734025
0.2499999999999858;0.2;0.0;-5.47390139944275
0.29999999999998295;0.2;0.0;-5.491471146780155
0.3499999999999801;0.2;0.0;-5.511906765284445
0.3499999999999801;0.2;0.0;-5.532385384096566
0.39999999999997726;0.2;0.0;-5.555864935607637
0.3499999999999801;0.2;0.0;-5.576334862280179
0.29999999999998295;0.2;0.0;-5.5938819592263735
0.3499999999999801;0.2;0.0;-5.614343719662977
0.29999999999998295;0.2;0.0;-5.6318540691670185
0.29999999999998295;0.2;0.0;-5.649400314858656
0.29999999999998295;0.2;0.0;-5.666940894456724
0.3499999999999801;0.2;0.0;-5.687451399145733
0.3499999999999801;0.2;0.0;-5.708042218903896
0.29999999999998295;0.2;0.0;-5.725706855847172
0.2499999999999858;0.2;0.0;-5.7404372750675625
0.29999999999998295;0.2;0.0;-5.75812112081876
0.29999999999998295;0.2;0.0;-5.775527521967721
0.3499999999999801;0.2;0.0;-5.796186750710301
0.2499999999999858;0.2;0.0;-5.810969581634893
0.29999999999998295;0.2;0.0;-5.828531309097135
0.3499999999999801;0.2;0.0;-5.8490328379657415
0.29999999999998295;0.2;0.0;-5.866574753922623
0.29999999999998295;0.2;0.0;-5.884314798156676
0.2499999999999858;0.2;0.0;-5.899095731736212
0.29999999999998295;0.2;0.0;-5.9167641118404255
0.2499999999999858;0.2;0.0;-5.931487168278203
0.2499999999999858;0.2;0.0;-5.946223940108817
0.29999999999998295;0.2;0.0;-5.963896654761995
0.29999999999998295;0.2;0.0;-5.981575368698122
0.29999999999998295;0.2;0.0;-5.999255803480823
0.29999999999998295;0.2;0.0;-6.016933662497131
0.29999999999998295;0.2;0.0;-6.034609105824414
0.3499999999999801;0.2;0.0;-6.055234695664094
0.2499999999999858;0.2;0.0;-6.069974569452458
0.2499999999999858;0.2;0.0;-6.084681621378591
0.3499999999999801;0.2;0.0;-6.105288657596548
0.29999999999998295;0.2;0.0;-6.1229771657795045
0.2499999999999858;0.2;0.0;-6.137711720643443
0.29999999999998295;0.2;0.0;-6.155384806596285
0.39999999999997726;0.2;0.0;-6.1789517148533655
0.2499999999999858;0.2;0.0;-6.193664018767431
0.2499999999999858;0.2;0.0;-6.208387346251199
0.2499999999999858;0.2;0.0;-6.223150560254853
0.39999999999997726;0.2;0.0;-6.246795498640705
0.29999999999998295;0.2;0.0;-6.264416971400272
0.29999999999998295;0.2;0.0;-6.2820270432119525
0.2499999999999858;0.2;0.0;-6.296709764958603
0.3499999999999801;0.2;0.0;-6.317255910943244
0.29999999999998295;0.6973;0.8;-6.308173571607119
0.29999999999998295;0.7427;0.8;-6.303107016669731
0.3499999999999801;0.768;0.8;-6.29981154357112
0.4499999999999744;0.7845;0.8;-6.297774977367561
0.29999999999998295;0.8;0.8;-6.29777817603205
0.3499999999999801;0.8;0.8;-6.297771157208099
0.29999999999998295;0.8;0.8;-6.297762858044012
0.29999999999998295;0.8;0.8;-6.297759793007562
0.29999999999998295;0.8;0.8;-6.297770651059635
0.29999999999998295;0.8;0.8;-6.297762453632203
0.39999999999997726;0.8;0.8;-6.297758673779275
0.2499999999999858;0.8;0.8;-6.297737657460711
0.29999999999998295;0.8;0.8;-6.297746298363728
0.3499999999999801;0.8;0.8;-6.2977376235932425
0.29999999999998295;0.8;0.8;-6.297786630230215
0.29999999999998295;0.8;0.8;-6.297775285174724
0.29999999999998295;0.8;0.8;-6.297818901613871
0.29999999999998295;0.8;0.8;-6.297864699000492
0.3499999999999801;0.8;0.8;-6.297851490268793
0.39999999999997726;0.8;0.8;-6.297877555444205
0.2499999999999858;0.8;0.8;-6.2979702691238675
0.29999999999998295;0.8;0.8;-6.297988543247839
0.29999999999998295;0.8;0.8;-6.298026202239756
0.2499999999999858;0.8;0.8;-6.298038828372871
0.3499999999999801;0.8;0.8;-6.298199167849617
0.2499999999999858;0.8;0.8;-6.298197590924926
0.3499999999999801;0.8;0.8;-6.298219146707127
0.3499999999999801;0.8;0.8;-6.298264257989902
0.29999999999998295;0.8;0.8;-6.298358364278181
0.2499999999999858;0.8;0.8;-6.298349426703851
0.29999999999998295;0.8;0.8;-6.298411651636095
0.29999999999998295;0.8;0.8;-6.298531273697423
0.29999999999998295;0.8;0.8;-6.29858433793413
0.29999999999998295;0.8;0.8;-6.298613549518094
0.3499999999999801;0.8;0.8;-6.298631517577341
0.29999999999998295;0.8;0.8;-6.298667630108075
0.29999999999998295;0.8;0.8;-6.298705896747213
0.29999999999998295;0.8;0.8;-6.298723378850022
0.29999999999998295;0.8;0.8;-6.2987204163066615
0.2499999999999858;0.8;0.8;-6.298917692919473
0.29999999999998295;-0.4;-0.4;-6.298920317248879
0.2499999999999858;-0.4;-0.4;-6.29900037491486
0.39999999999997726;-0.4;-0.4;-6.2990000052063015
0.3499999999999801;-0.4;-0.4;-6.299005786216053
0.2499999999999858;-0.4;-0.4;-6.299022165209425
0.29999999999998295;-0.4;-0.4;-6.299054802116618
0.3499999999999801;-0.4;-0.4;-6.299047672361711
0.2499999999999858;-0.4;-0.4;-6.299117312349685
0.3499999999999801;-0.4;-0.4;-6.299131131710932
0.3499999999999801;-0.4;-0.4;-6.299190427446545
0.29999999999998295;-0.4;-0.4;-6.299217674483802
0.3499999999999801;-0.4;-0.4;-6.299240885894881
0.29999999999998295;-0.4;-0.4;-6.299258981914718
0.2499999999999858;-0.4;-0.4;-6.299280723947252
0.29999999999998295;-0.4;-0.4;-6.299299300547426
0.2499999999999858;-0.4;-0.4;-6.299329837465266
0.39999999999997726;-0.4;-0.4;-6.299386521506808
0.29999999999998295;-0.4;-0.4;-6.299393288991442
0.3499999999999801;-0.4;-0.4;-6.299551885971597
0.29999999999998295;-0.4;-0.4;-6.299642710650895
0.29999999999998295;-0.4;-0.4;-6.2996700768781775
0.29999999999998295;-0.4;-0.4;-6.299666261622472
0.29999999999998295;-0.4;-0.4;-6.299675497965782
0.3499999999999801;-0.4;-0.4;-6.299712589054601
0.3499999999999801;-0.4;-0.4;-6.299725130652336
0.29999999999998295;-0.4;-0.4;-6.299693589302636
0.29999999999998295;0.0;0.72;-6.24372892153229
0.2499999999999858;0.0;0.7072;-6.197884800873456
0.29999999999998295;0.0;0.6967;-6.1436617951583425
0.29999999999998295;0.0;0.6842;-6.090380575988749
0.2499999999999858;0.0;0.672;-6.0408825675478095
0.39999999999997726;0.0;0.6607;-5.972348607326758
0.3499999999999801;0.0;0.645;-5.913847428649037
0.2499999999999858;0.0;0.6316;-5.872901557496329
0.29999999999998295;0.0;0.6222;-5.824523308249933
0.29999999999998295;0.0;0.6111;-5.776996599055684
0.29999999999998295;0.0;0.6002;-5.729979613996591
0.2499999999999858;0.0;0.5894;-5.686591105536516
0.29999999999998295;0.0;0.5795;-5.635942974883767
0.3499999999999801;0.0;0.5679;-5.577392732344679
0.2499999999999858;0.0;0.5545;-5.541441076934703
0.3499999999999801;0.0;0.5462;-5.491901279886545
0.29999999999998295;0.0;0.5349;-5.450288512549098
0.29999999999998295;0.0;0.5253;-5.409437699031255
0.29999999999998295;0.0;0.516;-5.363861509799056
0.29999999999998295;0.0;0.5055;-5.31917842466776
0.3499999999999801;0.0;0.4953;-5.269373265345409
0.29999999999998295;0.0;0.4839;-5.226635182824049
0.29999999999998295;0.0;0.4741;-5.184730462472982
0.2499999999999858;0.0;0.4645;-5.15410971463791
0.29999999999998295;0.0;0.4574;-5.113682891040481
0.29999999999998295;0.0;0.4482;-5.074083594158669
0.29999999999998295;0.0;0.4391;-5.039490975990783
0.29999999999998295;0.0;0.4312;-5.001390374616229
0.39999999999997726;0.0;0.4224;-4.952299061780962
0.29999999999998295;0.0;0.4112;-4.920284250577396
0.29999999999998295;0.0;0.4039;-4.8888655597564945
0.2499999999999858;0.0;0.3967;-4.859540356593604
0.3499999999999801;0.0;0.3899;-4.81933208759756
0.2499999999999858;0.0;0.3807;-4.79132214339337
0.29999999999998295;0.0;0.3743;-4.762206267480534
0.29999999999998295;0.0;0.3676;-4.733595451464904
0.3499999999999801;0.0;0.3611;-4.696402420524777
0.29999999999998295;0.0;0.3525;-4.665280595689663
0.29999999999998295;0.0;0.3454;-4.63476947162862
0.29999999999998295;0.0;0.3384;-4.604869290920944
0.29999999999998295;0.0;0.3316;-4.575592085837873
0.29999999999998295;0.0;0.3249;-4.550397724932493
0.29999999999998295;0.0;0.3191;-4.525614407094888
0.3499999999999801;0.0;0.3134;-4.497150428252999
0.29999999999998295;0.0;0.3069;-4.473285529094457
0.2499999999999858;0.0;0.3014;-4.451105946298775
0.29999999999998295;0.0;0.2963;-4.424911897082372
0.3499999999999801;0.0;0.2903;-4.3949869988613175
0.29999999999998295;0.0;0.2835;-4.369942251242285
0.29999999999998295;0.0;0.2777;-4.348394427773507
0.3499999999999801;0.0;0.2728;-4.323538225121078
0.4499999999999744;0.0;0.2671;-4.291950738306322
0.3499999999999801;0.0;0.2599;-4.268354386590361
0.29999999999998295;0.0;0.2544;-4.248567095328573
0.3499999999999801;0.0;0.2499;-4.225892903217835
0.2499999999999858;0.0;0.2447;-4.210019720303173
0.29999999999998295;0.0;0.2411;-4.191228947483633
0.29999999999998295;0.0;0.2368;-4.1727810704969714
0.4999999999999716;0.0;0.2325;-4.14264843693273
0.2499999999999858;0.0;0.2256;-4.128054178845503
0.2499999999999858;0.0;0.2223;-4.111688792306952
0.29999999999998295;0.0;0.2185;-4.0923663228803555
0.29999999999998295;0.0;0.2141;-4.073465272356435
0.29999999999998295;0.0;0.2098;-4.0549319177912295
0.3000000000000682;0.0;0.2055;-4.037770497907848
0.3000000000000682;0.0;0.2016;-4.02134818146894
0.3500000000000796;0.0;0.2;-4.001711434608949
0.3000000000000682;0.0;0.2;-3.9846779322630974
0.25000000000005684;0.0;0.2;-3.969964500834824
0.3000000000000682;0.0;0.2;-3.9523066863520984
0.25000000000005684;0.0;0.2;-3.9377315743879513
0.3000000000000682;0.0;0.2;-3.919953047720149
0.3000000000000682;0.0;0.2;-3.9022820967016836
0.3000000000000682;0.0;0.2;-3.88461573476008
0.40000000000009095;0.0;0.2;-3.8610870190727935
0.3500000000000796;0.0;0.2;-3.8405609110235384
0.3500000000000796;0.0;0.2;-3.819970177081277
0.3000000000000682;0.0;0.2;-3.802303607108143
0.25000000000005684;0.0;0.2;-3.7875617229168674
0.3000000000000682;0.0;0.2;-3.7698923248686538
0.3000000000000682;0.0;0.2;-3.7529778639665574
0.25000000000005684;0.0;0.2;-3.738958353478006
0.3500000000000796;0.0;0.2;-3.718219106116094
0.3000000000000682;0.0;0.2;-3.700528384276079
0.3500000000000796;0.0;0.2;-3.6799172559246247
0.3000000000000682;0.0;0.2;-3.662266272834843
0.3500000000000796;0.0;0.2;-3.6416372065279248
0.3000000000000682;0.0;0.2;-3.6239617137737663
0.3500000000000796;0.0;0.2;-3.6049789776988157
0.3000000000000682;0.0;0.2;-3.5873182694827133
0.4500000000001023;0.0;0.2;-3.5608211912263306
0.25000000000005684;0.0;0.2;-3.5459849635487135
0.3000000000000682;0.0;0.2;-3.5283439266554173
0.3000000000000682;0.0;0.2;-3.5120459799140376
0.3500000000000796;0.0;0.2;-3.493916300133116
0.3500000000000796;0.0;0.2;-3.4757493676498
0.3500000000000796;0.0;0.2;-3.4575871749308043
0.3500000000000796;0.0;0.2;-3.4394181379266553
0.40000000000009095;0.0;0.2;-3.4186647087542217
0.25000000000005684;0.0;0.2;-3.4056957484862482
0.3000000000000682;0.0;0.2;-3.3900397551268275
0.3500000000000796;0.0;0.2;-3.3719388560648134
0.3500000000000796;0.0;0.2;-3.3511679643768963
0.3000000000000682;0.0;0.2;-3.3334941622540795
0.3500000000000796;0.0;0.2;-3.3128643528401875
0.40000000000009095;0.0;0.2;-3.2892907609093287
0.40000000000009095;0.0;0.2;-3.265731114633976
0.3500000000000796;0.0;0.2;-3.2451270770299905
0.3500000000000796;0.0;0.2;-3.2245246532638685
0.3500000000000796;0.0;0.2;-3.203878098612424
0.3000000000000682;0.0;0.2;-3.188305125672379
0.3500000000000796;0.0;0.2;-3.170155512870552
0.3500000000000796;0.0;0.2;-3.149537795077962
0.4500000000001023;0.0;0.2;-3.1230342400546953
0.3000000000000682;0.8;0.6675;-3.134764339043333
0.3500000000000796;0.8;0.7261;-3.1423667932214214
0.3500000000000796;0.8;0.7641;-3.146036682474938
0.3000000000000682;0.8;0.7825;-3.1475834958835933
0.3000000000000682;0.8;0.8;-3.147597720767407
0.25000000000005684;0.8;0.8;-3.14765879937377
0.4500000000001023;0.8;0.8;-3.1476834835708534
0.3000000000000682;0.8;0.8;-3.1476726041100624
0.3500000000000796;0.8;0.8;-3.1476657111213546
0.3000000000000682;0.8;0.8;-3.1476082343747582
0.25000000000005684;0.8;0.8;-3.147543384012512
0.3000000000000682;0.8;0.8;-3.1475467023446453
0.3000000000000682;0.8;0.8;-3.1475409583720735
0.4500000000001023;0.8;0.8;-3.1475322104373973
0.3500000000000796;0.8;0.8;-3.1474021120103277
0.3000000000000682;0.8;0.8;-3.1473606290169256
0.3500000000000796;0.8;0.8;-3.147326029654911
0.3000000000000682;0.8;0.8;-3.1473099428885556
0.3000000000000682;0.8;0.8;-3.147277528690592
0.25000000000005684;0.8;0.8;-3.1472532503711808
0.3000000000000682;0.8;0.8;-3.1472437785410228
0.3500000000000796;0.8;0.8;-3.1472064056753877
0.25000000000005684;0.8;0.8;-3.147207934616513
0.3000000000000682;0.8;0.8;-3.1472337378970545
0.3000000000000682;0.8;0.8;-3.14721269863097
0.25000000000005684;0.8;0.8;-3.1472038105756606
0.3000000000000682;0.8;0.8;-3.1471819954402673
0.25000000000005684;0.8;0.8;-3.1471726955217467
0.3000000000000682;0.8;0.8;-3.1471504389720013
0.3500000000000796;0.8;0.8;-3.147251184081116
0.3500000000000796;0.8;0.8;-3.147350640521168
0.25000000000005684;0.8;0.8;-3.147373648084928
0.3000000000000682;0.8;0.8;-3.147368789089537
0.3000000000000682;0.8;0.8;-3.147346061527921
0.25000000000005684;0.8;0.8;-3.147346579808575
0.3000000000000682;0.8;0.8;-3.14736104025874
0.40000000000009095;0.8;0.8;-3.1473912540003477
0.40000000000009095;0.8;0.8;-3.147414924267852
0.25000000000005684;0.8;0.8;-3.1474486576300658
0.3000000000000682;0.8;0.8;-3.1474094978287215
0.3000000000000682;-0.4;-0.4;-3.1474153677106274
0.3000000000000682;-0.4;-0.4;-3.147405779876911
0.3000000000000682;-0.4;-0.4;-3.1474445250171477
0.25000000000005684;-0.4;-0.4;-3.1474621037020665
0.3000000000000682;-0.4;-0.4;-3.1474564219852783
0.3500000000000796;-0.4;-0.4;-3.147494928010957
0.3500000000000796;-0.4;-0.4;-3.1475412215435608
0.3000000000000682;-0.4;-0.4;-3.147558128545348
0.25000000000005684;-0.4;-0.4;-3.14755243529525
0.40000000000009095;-0.4;-0.4;-3.14752443609095
0.3000000000000682;-0.4;-0.4;-3.147505458325614
0.3500000000000796;-0.4;-0.4;-3.147543068493644
0.40000000000009095;-0.4;-0.4;-3.147559831196543
0.3000000000000682;-0.4;-0.4;-3.147527860540627
0.3000000000000682;-0.4;-0.4;-3.147493042146625
0.3000000000000682;-0.4;-0.4;-3.1474587930844233
0.3000000000000682;-0.4;-0.4;-3.147416494218856
0.25000000000005684;-0.4;-0.4;-3.1474029716336753
0.3000000000000682;-0.4;-0.4;-3.1474210510014267
0.40000000000009095;-0.4;-0.4;-3.1475727000105174
0.3000000000000682;-0.4;-0.4;-3.1475591056140733
0.25000000000005684;-0.4;-0.4;-3.1475710100441576
0.3000000000000682;-0.4;-0.4;-3.147563364855216
0.25000000000005684;-0.4;-0.4;-3.1475921143981873
0.3500000000000796;-0.4;-0.4;-3.147612710723764
0.3000000000000682;-0.4;-0.4;-3.1476270480571573
0.25000000000005684;0.72;0.0;-3.194308361677642
0.3500000000000796;0.7093;0.0;-3.258683636288101
0.25000000000005684;0.6945;0.0;-3.3099573664476307
0.3000000000000682;0.6828;0.0;-3.3691759290344305
0.3000000000000682;0.6692;0.0;-3.42790608479934
0.25000000000005684;0.6558;0.0;-3.475734965288241
0.25000000000005684;0.6448;0.0;-3.5217079160516738
0.25000000000005684;0.6343;0.0;-3.567220613239117
0.25000000000005684;0.6238;0.0;-3.610962066390274
0.3500000000000796;0.6138;0.0;-3.6741103913410442
0.3000000000000682;0.5993;0.0;-3.7270648241226385
0.25000000000005684;0.5872;0.0;-3.7703228921876755
0.3500000000000796;0.5773;0.0;-3.829984559322459
0.3000000000000682;0.5636;0.0;-3.879773236034993
0.25000000000005684;0.5522;0.0;-3.920502901398911
0.3000000000000682;0.5429;0.0;-3.9686504018357236
0.3500000000000796;0.5318;0.0;-4.0234992407921
0.3000000000000682;0.5193;0.0;-4.069381085635084
0.25000000000005684;0.5087;0.0;-4.106842164483933
0.3000000000000682;0.5002;0.0;-4.151056370320984
0.3000000000000682;0.49;0.0;-4.194544552883313
0.3000000000000682;0.4801;0.0;-4.23706724796417
0.3000000000000682;0.4703;0.0;-4.278634443829868
0.3500000000000796;0.4608;0.0;-4.326145270229779
0.25000000000005684;0.4499;0.0;-4.359248336100041
0.3500000000000796;0.4423;0.0;-4.404823173503759
0.25000000000005684;0.4319;0.0;-4.43662973347648
0.3500000000000796;0.4246;0.0;-4.480594755259737
0.3000000000000682;0.4145;0.0;-4.5174503150167995
0.25000000000005684;0.4061;0.0;-4.547416893801525
0.40000000000009095;0.3992;0.0;-4.594431039382696
0.3500000000000796;0.3884;0.0;-4.634443180295191
0.3000000000000682;0.3792;0.0;-4.667959141155764
0.3500000000000796;0.3716;0.0;-4.706241524540201
0.3000000000000682;0.3628;0.0;-4.738257827527337
0.3000000000000682;0.3555;0.0;-4.769644363824759
0.3000000000000682;0.3483;0.0;-4.800379962320431
0.3000000000000682;0.3412;0.0;-4.830527711300151
0.40000000000009095;0.3343;0.0;-4.8699310621185035
0.3000000000000682;0.3253;0.0;-4.898696770078956
0.25000000000005684;0.3187;0.0;-4.922235389674052
0.3000000000000682;0.3133;0.0;-4.950024977997061
0.3000000000000682;0.3069;0.0;-4.977224725321358
0.3500000000000796;0.3007;0.0;-5.008204667352332
0.25000000000005684;0.2936;0.0;-5.02982276028119
0.3000000000000682;0.2886;0.0;-5.0552945690072635
0.3000000000000682;0.2828;0.0;-5.080276696602341
0.25000000000005684;0.2771;0.0;-5.1006792718502245
0.3500000000000796;0.2724;0.0;-5.128747590212978
0.3000000000000682;0.266;0.0;-5.152246940899758
0.3500000000000796;0.2606;0.0;-5.179241414836604
0.3000000000000682;0.2544;0.0;-5.201720292354497
0.3000000000000682;0.2492;0.0;-5.223801017178606
0.3500000000000796;0.2442;0.0;-5.249127500084948
0.40000000000009095;0.2384;0.0;-5.277406007630416
0.3000000000000682;0.2319;0.0;-5.297894619545552
0.3000000000000682;0.2272;0.0;-5.317975283846615
0.3000000000000682;0.2226;0.0;-5.337655337668596
0.3000000000000682;0.2181;0.0;-5.356945006854133
0.3000000000000682;0.2137;0.0;-5.375812185018459
0.3000000000000682;0.2093;0.0;-5.394301372510671
0.25000000000005684;0.2051;0.0;-5.409411556099244
0.25000000000005684;0.2016;0.0;-5.424260856220302
0.3000000000000682;0.2;0.0;-5.441933049279778
0.25000000000005684;0.2;0.0;-5.45665362231335
0.25000000000005684;0.2;0.0;-5.471398382524789
0.3000000000000682;0.2;0.0;-5.489076202921063
0.3500000000000796;0.2;0.0;-5.509786802991019
0.3000000000000682;0.2;0.0;-5.527583684267714
0.3000000000000682;0.2;0.0;-5.5454421461702434
0.3000000000000682;0.2;0.0;-5.563278342746866
0.3000000000000682;0.2;0.0;-5.580952945717757
0.25000000000005684;0.2;0.0;-5.595686297088652
0.3000000000000682;0.2;0.0;-5.613341610546427
0.3000000000000682;0.2;0.0;-5.631011456697638
0.3500000000000796;0.2;0.0;-5.651620786638355
0.3000000000000682;0.2;0.0;-5.6692919586953945
0.3500000000000796;0.2;0.0;-5.689920932454337
0.3000000000000682;0.2;0.0;-5.707589971949494
0.25000000000005684;0.2;0.0;-5.722317141724981
0.25000000000005684;0.2;0.0;-5.7370404939829225
0.3000000000000682;0.2;0.0;-5.754717563138209
0.25000000000005684;0.2;0.0;-5.769446527105574
0.3000000000000682;0.2;0.0;-5.787121450454048
0.3500000000000796;0.2;0.0;-5.807726598980896
0.3000000000000682;0.2;0.0;-5.825411788318028
0.25000000000005684;0.2;0.0;-5.8402108448628285
0.3000000000000682;0.2;0.0;-5.857991970472665
0.25000000000005684;0.2;0.0;-5.872711471491972
0.25000000000005684;0.2;0.0;-5.887448658180426
0.40000000000009095;0.2;0.0;-5.910991421964455
0.3000000000000682;0.2;0.0;-5.92866901315297
0.3000000000000682;0.2;0.0;-5.946322439987384
0.3000000000000682;0.2;0.0;-5.96398772995274
0.3000000000000682;0.2;0.0;-5.981645638870244
0.3000000000000682;0.2;0.0;-5.99931129344411
0.3000000000000682;0.2;0.0;-6.016987585113328
0.3500000000000796;0.2;0.0;-6.037590578675288
0.3000000000000682;0.2;0.0;-6.055232903161854
0.25000000000005684;0.2;0.0;-6.070094397681023
0.3000000000000682;0.2;0.0;-6.087772005916505
0.25000000000005684;0.2;0.0;-6.102489489993628
0.25000000000005684;0.2;0.0;-6.117223670087728
0.20000000000004547;0.2;0.0;-6.128997259399662
0.3500000000000796;0.2;0.0;-6.149640560054399
0.3500000000000796;0.2;0.0;-6.17035830875749
0.25000000000005684;0.2;0.0;-6.185168023461241
0.3000000000000682;0.2;0.0;-6.202957223328751
0.3000000000000682;0.2;0.0;-6.22061478264224
0.3000000000000682;0.2;0.0;-6.238288301911985
0.3000000000000682;0.2;0.0;-6.255959256883202
0.25000000000005684;0.2;0.0;-6.270691037486033
0.3000000000000682;0.2;0.0;-6.288362139029566
0.40000000000009095;0.2;0.0;-6.311923318330909
0.25000000000005684;0.2;0.0;-6.326641593160625
0.3000000000000682;0.7264;0.8;-6.320141349369549
0.3000000000000682;0.7589;0.8;-6.316504598853193
0.25000000000005684;0.7771;0.8;-6.314807098231067
0.25000000000005684;0.8;0.8;-6.314796814838934
0.3500000000000796;0.8;0.8;-6.31478521659354
0.4500000000001023;0.8;0.8;-6.314782793280611
0.3500000000000796;0.8;0.8;-6.314756931014622
0.25000000000005684;0.8;0.8;-6.314732409219298
0.3000000000000682;0.8;0.8;-6.314729430925575
0.3500000000000796;0.8;0.8;-6.314727996007947
0.3500000000000796;0.8;0.8;-6.314692230415532
0.25000000000005684;0.8;0.8;-6.314725131878343
0.40000000000009095;0.8;0.8;-6.314723367419744
0.25000000000005684;0.8;0.8;-6.314721401948671
0.40000000000009095;0.8;0.8;-6.314758950419932
0.25000000000005684;0.8;0.8;-6.3147409583289535
0.3000000000000682;0.8;0.8;-6.314727475030111
0.3000000000000682;0.8;0.8;-6.3147154469623805
0.3500000000000796;0.8;0.8;-6.314695888980288
0.25000000000005684;0.8;0.8;-6.314687908972211
0.40000000000009095;0.8;0.8;-6.31465163959454
0.25000000000005684;0.8;0.8;-6.314671965579682
0.3000000000000682;0.8;0.8;-6.314674227490132
0.3000000000000682;0.8;0.8;-6.314699768629116
0.25000000000005684;0.8;0.8;-6.314803484659085
0.3500000000000796;0.8;0.8;-6.314865049362018
0.25000000000005684;0.8;0.8;-6.31489435424517
0.3500000000000796;0.8;0.8;-6.314937596779913
0.3000000000000682;0.7849;0.8;-6.313837390653635
0.3000000000000682;0.8;0.8;-6.313941030959551
0.3000000000000682;0.8;0.8;-6.313978121576727
0.25000000000005684;0.8;0.8;-6.314033688279619
0.3500000000000796;0.8;0.8;-6.314064063624199
0.3000000000000682;0.8;0.8;-6.314104337633318
0.3000000000000682;0.8;0.8;-6.314138986180309
0.3000000000000682;0.8;0.8;-6.314131760387884
0.3500000000000796;0.8;0.8;-6.314197779017038
0.3000000000000682;0.8;0.8;-6.314401131234627
0.3000000000000682;0.8;0.8;-6.314394201175425
0.25000000000005684;0.8;0.8;-6.314388439424079
0.25000000000005684;0.8;0.8;-6.314425143342768
0.25000000000005684;0.8;0.8;-6.31444847595479
0.3500000000000796;0.8;0.8;-6.314430153915223
0.3000000000000682;0.8;0.8;-6.314414821339547
0.25000000000005684;0.8;0.8;-6.314395729218118
0.3000000000000682;0.8;0.8;-6.3143935574913685
0.3000000000000682;0.8;0.8;-6.314386384404057
0.25000000000005684;0.8;0.8;-6.314421854399742
0.4500000000001023;0.8;0.8;-6.314372501552453
0.25000000000005684;0.8;0.8;-6.314446597788895
0.40000000000009095;0.8;0.8;-6.3144121914558164
0.25000000000005684;0.8;0.8;-6.314392790986343
0.3000000000000682;0.8;0.8;-6.314388536899178
0.3000000000000682;0.8;0.8;-6.314332747722712
0.3000000000000682;0.8;0.8;-6.3143390736624205
0.25000000000005684;0.8;0.8;-6.314315249378316
0.3000000000000682;0.8;0.8;-6.314274863425639
0.25000000000005684;0.8;0.8;-6.314144060093562
0.4500000000001023;0.8;0.8;-6.314157675494263
0.3000000000000682;0.8;0.8;-6.313998622500035
0.3000000000000682;0.8;0.8;-6.3139818753539965
0.3500000000000796;0.8;0.8;-6.31392220098117
0.3000000000000682;0.8;0.8;-6.313912347190092
0.3000000000000682;0.8;0.8;-6.3138154696832665
0.3500000000000796;0.8;0.8;-6.31379088068853
0.40000000000009095;0.8;0.8;-6.313793595881407
0.3000000000000682;0.8;0.8;-6.313760855768116
0.25000000000005684;0.8;0.8;-6.3137167046317995
0.3000000000000682;0.8;0.8;-6.31364429112968
0.3500000000000796;0.8;0.8;-6.31364118199691
0.25000000000005684;0.8;0.8;-6.3136145579141445
0.3000000000000682;0.8;0.8;-6.313624562380311
0.3500000000000796;0.8;0.8;-6.3135855159272705
0.3000000000000682;0.8;0.8;-6.313585951396556
0.3000000000000682;0.8;0.8;-6.313575028208807
0.3000000000000682;0.8;0.8;-6.313554307555724
0.25000000000005684;0.8;0.8;-6.313376361925929
0.3000000000000682;0.8;0.8;-6.313360886479073
0.3000000000000682;0.8;0.8;-6.313194044255623
0.3000000000000682;0.8;0.8;-6.31312238727467
0.3500000000000796;0.8;0.8;-6.313102556124226
0.3000000000000682;0.8;0.8;-6.313112744776093
0.3500000000000796;0.8;0.8;-6.31304095182757
0.3500000000000796;0.8;0.8;-6.313008060845339
0.3500000000000796;0.8;0.8;-6.312971754875771
0.3000000000000682;0.8;0.8;-6.312981128919631
0.3500000000000796;0.8;0.8;-6.312777064724008
0.3500000000000796;0.8;0.8;-6.312622757413844
0.25000000000005684;0.8;0.8;-6.312600512206022
0.3500000000000796;0.8;0.8;-6.312566910481917
0.3000000000000682;0.8;0.8;-6.312548953801676
0.3000000000000682;0.8;0.8;-6.312516098815075
0.25000000000005684;0.8;0.8;-6.31248924670941
0.3000000000000682;0.8;0.8;-6.312460274187002
0.3500000000000796;0.8;0.8;-6.312387703094413
0.3500000000000796;0.8;0.8;-6.312280116091082
0.3000000000000682;0.8;0.8;-6.3122805000540305
0.3000000000000682;0.8;0.8;-6.31231477753237
0.3000000000000682;0.8;0.8;-6.312248146184278
0.3000000000000682;0.8;0.8;-6.312334427007019
0.25000000000005684;0.8;0.8;-6.312439773823044
0.40000000000009095;-0.4;-0.4;-6.312340776178562
0.3500000000000796;-0.4;-0.4;-6.312322891157026
0.3500000000000796;-0.4;-0.4;-6.312301063860522
0.3000000000000682;-0.4;-0.4;-6.3122883262560086
0.25000000000005684;-0.4;-0.4;-6.312261760513107
0.3500000000000796;-0.4;-0.4;-6.312243822668853
0.25000000000005684;-0.4;-0.4;-6.3122365625184695
0.3500000000000796;-0.4;-0.4;-6.31224647104457
0.25000000000005684;-0.4;-0.4;-6.312229526460621
0.3000000000000682;-0.4;-0.4;-6.312225082644202
0.3500000000000796;-0.4;-0.4;-6.312182582607509
0.25000000000005684;-0.4;-0.4;-6.3121740998554
0.3000000000000682;-0.4;-0.4;-6.312153424353931
0.25000000000005684;-0.4;-0.4;-6.312133068735348
0.3500000000000796;-0.4;-0.4;-6.312113536133717
0.3000000000000682;-0.4;-0.4;-6.312105719476506
0.3000000000000682;-0.4;-0.4;-6.312107708762808
0.25000000000005684;-0.4;-0.4;-6.312101653790897
0.3500000000000796;-0.4;-0.4;-6.312083295440152
0.3000000000000682;-0.4;-0.4;-6.312085129768488
0.40000000000009095;-0.4;-0.4;-6.3120768432619
0.40000000000009095;-0.4;-0.4;-6.312085540319057
0.3000000000000682;-0.4;-0.4;-6.312064897098258
0.3500000000000796;-0.4;-0.4;-6.312058800427613
0.3000000000000682;-0.4;-0.4;-6.312075046135158
0.3000000000000682;-0.4;-0.4;-6.3120847182496185
0.3000000000000682;0.72;0.0;-6.375893995841385
0.3000000000000682;0.7054;0.0;-6.438228757743704
0.3500000000000796;0.6911;0.0;-6.509520093154346
0.3000000000000682;0.6747;0.0;-6.569144655266646
0.3000000000000682;0.6611;0.0;-6.627566867960264
0.25000000000005684;0.6477;0.0;-6.675371962190455
0.3000000000000682;0.6367;0.0;-6.7317496452852215
0.3000000000000682;0.6238;0.0;-6.786900608103897
0.25000000000005684;0.6112;0.0;-6.831878259489051
0.3000000000000682;0.6009;0.0;-6.8849798818142895
0.40000000000009095;0.5887;0.0;-6.954313574573833
0.3000000000000682;0.5728;0.0;-7.0049115218339795
0.3000000000000682;0.5612;0.0;-7.054612126486126
0.3000000000000682;0.5498;0.0;-7.103226131915488
0.25000000000005684;0.5387;0.0;-7.142875602107531
0.3500000000000796;0.5296;0.0;-7.197456089548405
0.3000000000000682;0.5171;0.0;-7.242887018052219
0.3500000000000796;0.5067;0.0;-7.294562483138312
0.3000000000000682;0.4948;0.0;-7.337907292499069
0.3000000000000682;0.4849;0.0;-7.3806259121992435
0.3500000000000796;0.4751;0.0;-7.429715297542929
0.25000000000005684;0.4639;0.0;-7.463678766399204
0.25000000000005684;0.4561;0.0;-7.497165850776134
0.3000000000000682;0.4484;0.0;-7.536602862783854
0.3500000000000796;0.4394;0.0;-7.58147768923703
0.25000000000005684;0.4291;0.0;-7.612741190074818
0.3000000000000682;0.4219;0.0;-7.649666786671015
0.3000000000000682;0.4134;0.0;-7.685951980102914
0.3000000000000682;0.4051;0.0;-7.721499094539928
0.3000000000000682;0.397;0.0;-7.756563302209767
0.3500000000000796;0.3889;0.0;-7.796566002794586
0.3500000000000796;0.3798;0.0;-7.835816118550865
0.25000000000005684;0.3708;0.0;-7.863209047220902
0.3000000000000682;0.3645;0.0;-7.895493514830543
0.25000000000005684;0.3571;0.0;-7.921838633482754
0.25000000000005684;0.3511;0.0;-7.947698199637019
0.3000000000000682;0.3451;0.0;-7.978191734418578
0.25000000000005684;0.3382;0.0;-8.00309173687818
0.40000000000009095;0.3324;0.0;-8.042272847383646
0.3000000000000682;0.3235;0.0;-8.070872982983225
0.3000000000000682;0.3169;0.0;-8.09888244894452
0.25000000000005684;0.3105;0.0;-8.121735500394557
0.3000000000000682;0.3053;0.0;-8.148699245230336
0.3000000000000682;0.2991;0.0;-8.174806631537963
0.3000000000000682;0.2931;0.0;-8.200519058808164
0.3500000000000796;0.2872;0.0;-8.229920178675874
0.3500000000000796;0.2805;0.0;-8.258584612190308
0.3000000000000682;0.2739;0.0;-8.282593133762028
0.3000000000000682;0.2684;0.0;-8.306044357930185
0.3500000000000796;0.263;0.0;-8.33293137461032
0.25000000000005684;0.2569;0.0;-8.351572143134549
0.25000000000005684;0.2526;0.0;-8.370059619577976
0.3000000000000682;0.2483;0.0;-8.391742797030226
0.3500000000000796;0.2434;0.0;-8.416599608318991
0.3500000000000796;0.2377;0.0;-8.440874264007597
0.25000000000005684;0.2321;0.0;-8.457797174562801
0.25000000000005684;0.2282;0.0;-8.474410151287042
0.3000000000000682;0.2244;0.0;-8.493981896905757
0.40000000000006253;0.2199;0.0;-8.519638116859312
0.3000000000000682;0.2141;0.0;-8.538332927127566
0.3000000000000682;0.2098;0.0;-8.556707170437717
0.3500000000000796;0.2056;0.0;-8.577687618281596
0.3000000000000682;0.2008;0.0;-8.595206725652648
0.3000000000000682;0.2;0.0;-8.612683197308463
0.25000000000005684;0.2;0.0;-8.62719569936157
0.3000000000000682;0.2;0.0;-8.644615080352093
0.3000000000000682;0.2;0.0;-8.66208764035559
0.3000000000000682;0.2;0.0;-8.679616578979864
0.3000000000000682;0.2;0.0;-8.697087751517298
0.40000000000009095;0.2;0.0;-8.720668904859494
0.3000000000000682;0.2;0.0;-8.738356960685184
0.3000000000000682;0.2;0.0;-8.756038598017366
0.3000000000000682;0.2;0.0;-8.77372053885156
0.3000000000000682;0.2;0.0;-8.791399816003802
0.25000000000005684;0.2;0.0;-8.806133160268514
0.25000000000005684;0.2;0.0;-8.820856604851553
0.3500000000000796;0.2;0.0;-8.841470812257286
0.3500000000000796;0.2;0.0;-8.862089975921133
0.3500000000000796;0.2;0.0;-8.882697737744078
0.3500000000000796;0.2;0.0;-8.903315388836493
0.25000000000005684;0.2;0.0;-8.918042073216423
0.3500000000000796;0.2;0.0;-8.938666392533364
0.3000000000000682;0.2;0.0;-8.956339879980947
0.40000000000009095;0.2;0.0;-8.979915297954319
0.3500000000000796;0.2;0.0;-9.000534528018635
0.3000000000000682;0.2;0.0;-9.018213066860634
0.25000000000005684;0.2;0.0;-9.03293189408668
0.25000000000005684;0.2;0.0;-9.047656556101005
0.3000000000000682;0.2;0.0;-9.065332003295376
0.25000000000005684;0.2;0.0;-9.080054876791095
0.3500000000000796;0.2;0.0;-9.100663346672569
0.3500000000000796;0.2;0.0;-9.12129354631823
0.3000000000000682;0.2;0.0;-9.138971350812131
0.4500000000001023;0.2;0.0;-9.16550174763432
0.25000000000005684;0.2;0.0;-9.180230903202714
0.3000000000000682;0.2;0.0;-9.197928802812186
0.25000000000005684;0.2;0.0;-9.21266649321126
0.25000000000005684;0.2;0.0;-9.227382868498514
0.3000000000000682;0.2;0.0;-9.245024332740144
0.3500000000000796;0.2;0.0;-9.265638784035925
0.25000000000005684;0.2;0.0;-9.28038349904548
0.25000000000005684;0.2;0.0;-9.295140419450975
0.25000000000005684;0.2;0.0;-9.309838191005182
0.3000000000000682;0.2;0.0;-9.327466151836258
0.3500000000000796;0.2;0.0;-9.348009675764066
0.3000000000000682;0.2;0.0;-9.365621553503626
0.25000000000005684;0.2;0.0;-9.380339194660218
0.40000000000009095;0.2;0.0;-9.403850884356878
0.3000000000000682;0.2;0.0;-9.421489636113934
0.3000000000000682;0.2;0.0;-9.439152855072784
0.3000000000000682;0.2;0.0;-9.456791336046567
0.3000000000000682;0.2;0.0;-9.474444973755649
0.3000000000000682;0.7117;0.8;-9.466653452595782
0.3000000000000682;0.7507;0.8;-9.462281085050819
0.40000000000009095;0.7726;0.8;-9.45906069660878
0.25000000000005684;0.8;0.8;-9.459047112501
0.3500000000000796;0.8;0.8;-9.459025731424205
0.3000000000000682;0.8;0.8;-9.45901132466084
0.3500000000000796;0.8;0.8;-9.459008210029832
0.25000000000005684;0.8;0.8;-9.458951680212811
0.3000000000000682;0.8;0.8;-9.458933329788193
0.3500000000000796;0.8;0.8;-9.4588935904748
0.4500000000001023;0.8;0.8;-9.458994237593107
0.25000000000005684;0.8;0.8;-9.458971435420082
0.25000000000005684;0.8;0.8;-9.458993504580926
0.40000000000009095;0.8;0.8;-9.458950404944048
0.3000000000000682;0.8;0.8;-9.458953795225295
0.3000000000000682;0.8;0.8;-9.458975650112654
0.3000000000000682;0.8;0.8;-9.458975099027576
0.3500000000000796;0.8;0.8;-9.459006915703464
0.3000000000000682;0.8;0.8;-9.45899346382051
0.3000000000000682;0.8;0.8;-9.45894057736592
0.3000000000000682;0.8;0.8;-9.458995590018263
0.3000000000000682;0.8;0.8;-9.45895870301274
0.3500000000000796;0.8;0.8;-9.458878245475487
0.3000000000000682;0.8;0.8;-9.458822807372737
0.3000000000000682;0.8;0.8;-9.458779348234094
0.40000000000009095;0.8;0.8;-9.458759312712768
0.3000000000000682;0.8;0.8;-9.458859134114828
0.25000000000005684;0.8;0.8;-9.45884648871572
0.3000000000000682;0.8;0.8;-9.458811863741246
0.3000000000000682;0.8;0.8;-9.458758741917643
0.3000000000000682;0.8;0.8;-9.45878075919589
0.3500000000000796;0.8;0.8;-9.458797853783363
0.3000000000000682;0.8;0.8;-9.458791243012342
0.40000000000009095;0.8;0.8;-9.458693074378138
0.3000000000000682;0.8;0.8;-9.45870453384027
0.3000000000000682;0.8;0.8;-9.458760846922768
0.3000000000000682;0.8;0.8;-9.458802621937876
0.25000000000005684;0.8;0.8;-9.458785835427056
0.3500000000000796;0.8;0.8;-9.458802566168556
0.3000000000000682;0.8;0.8;-9.4588028376404
0.5000000000001137;0.8;0.8;-9.458798041513257
0.3000000000000682;0.8;0.8;-9.458816023679638
0.3000000000000682;0.8;0.8;-9.458806994893813
0.3000000000000682;0.8;0.8;-9.45877186811515
0.25000000000005684;0.8;0.8;-9.458811888487856
0.3000000000000682;0.8;0.8;-9.458842995804705
0.25000000000005684;0.8;0.8;-9.458738159023586
0.25000000000005684;0.8;0.8;-9.458711785947571
0.3500000000000796;0.8;0.8;-9.458730699684626
0.3000000000000682;0.8;0.8;-9.458763660127282
0.3000000000000682;0.8;0.8;-9.458755496227798
0.3000000000000682;0.8;0.8;-9.458821910787611
0.25000000000005684;0.8;0.8;-9.4588188033089
0.3000000000000682;0.8;0.8;-9.45877582603333
0.25000000000005684;0.8;0.8;-9.45870464852922
0.3000000000000682;0.8;0.8;-9.458659554711737
0.40000000000009095;0.8;0.8;-9.45863014153352
0.25000000000005684;0.8;0.8;-9.458557541508105
0.3000000000000682;0.8;0.8;-9.45853457851421
0.3000000000000682;0.8;0.8;-9.45854183102397
0.3000000000000682;0.8;0.8;-9.458503007664751
0.3500000000000796;0.8;0.8;-9.458878854865066
0.25000000000005684;0.8;0.8;-9.458891769836752
0.3500000000000796;0.8;0.8;-9.458685891958927
0.3500000000000796;0.8;0.8;-9.458642937995034
0.3000000000000682;0.8;0.8;-9.458636564700502
0.25000000000005684;0.8;0.8;-9.458634834486569
0.3000000000000682;0.8;0.8;-9.458604119976673
0.3000000000000682;0.8;0.8;-9.458622978143964
0.3000000000000682;0.8;0.8;-9.45865447814779
0.3500000000000796;0.8;0.8;-9.458621603330949
0.3500000000000796;0.8;0.8;-9.458698030733673
0.3000000000000682;0.8;0.8;-9.458721108868824
0.25000000000005684;0.8;0.8;-9.458724428340101
0.3000000000000682;0.8;0.8;-9.45874404326464
0.3000000000000682;0.8;0.8;-9.458706549748484
0.3000000000000682;0.8;0.8;-9.458765720442372
0.3500000000000796;0.8;0.8;-9.458766233356895
0.3500000000000796;0.8;0.8;-9.458776533835392
0.3500000000000796;0.8;0.8;-9.45894463716798
0.3000000000000682;0.8;0.8;-9.45894678524443
0.25000000000005684;0.8;0.8;-9.45909193440058
0.3000000000000682;0.8;0.8;-9.459135643929267
0.3000000000000682;0.8;0.8;-9.459205388525287
0.3000000000000682;0.8;0.8;-9.459226770338272
0.3000000000000682;0.8;0.8;-9.459202637224893
0.4500000000001023;0.8;0.8;-9.459478960673907
0.25000000000005684;0.8;0.8;-9.459614096379347
0.3000000000000682;0.8;0.8;-9.459653555886277
0.3500000000000796;0.8;0.8;-9.459688381185666
0.25000000000005684;0.8;0.8;-9.459927292488162
0.25000000000005684;0.7843;0.8;-9.458627097931872
0.25000000000005684;0.8;0.8;-9.45856114660229
0.40000000000009095;0.8;0.8;-9.458274052668886
0.25000000000005684;0.8;0.8;-9.45820264034523
0.25000000000005684;0.8;0.8;-9.458074339690894
0.3000000000000682;0.8;0.8;-9.457989868154083
