0.05;0.375;-1.5;-0.0037909238059278872
0.15000000000000002;1.4621;1.5379;-0.03285611171559605
0.14999999999999997;1.1714;1.8286;-0.037557627066739825
0.25;1.1244;1.8756;0.01626464302140513
0.10000000000000009;1.6626;1.3374;0.021952329817125332
0.10000000000000009;1.7195;1.2805;0.010829184721878323
0.10000000000000009;1.6083;1.3917;0.003605913947056295
0.15000000000000002;1.5361;1.4639;0.00027131028301074535
0.10000000000000009;1.5027;1.4973;0.000504658343175449
0.15000000000000013;1.505;1.495;0.0012609214085734085
0.10000000000000009;1.5126;1.4874;0.0009881992387382728
0.2500000000000002;1.5099;1.4901;-0.002174080161777686
0.10000000000000009;1.4783;1.5217;-0.0008927860801488188
0.15000000000000013;1.4911;1.5089;0.0009477004016373864
0.09999999999999987;1.5095;1.4905;0.00034702933972489026
0.09999999999999964;1.5035;1.4965;-0.00044565983077620916
0.09999999999999964;1.4955;1.5045;2.3771502932902315e-05
0.14999999999999947;1.5002;1.4998;0.0006665258627589991
0.09999999999999964;1.5067;1.4933;0.0010265291617581405
0.1999999999999993;1.5103;1.4897;0.0011002547121700902
0.14999999999999947;1.511;1.489;-0.0004970804782511832
0.09999999999999964;1.495;1.505;-0.0006118022816910564
0.14999999999999947;1.4939;1.5061;-0.0003230263256755329
0.14999999999999947;1.4968;1.5032;0.000192207230341765
0.09999999999999964;1.4968;1.5032;-0.007537180983857184
0.14999999999999947;-0.4;-0.4;-0.006597559122430405
0.14999999999999947;-0.4;-0.4;-0.006762238471376704
0.2499999999999991;-0.4;-0.4;-0.007817099369331476
0.14999999999999947;-0.4;-0.4;-0.008485156071843844
0.09999999999999964;-0.4;-0.4;-0.008823424324574823
0.14999999999999947;-0.4;-0.4;-0.009443360151270936
0.14999999999999947;-0.4;-0.4;-0.00992679044372392
0.14999999999999947;-0.4;-0.4;-0.00996433340165848
0.09999999999999964;-0.4;-0.4;-0.00971077253398543
0.14999999999999947;-0.4;-0.4;-0.008889646499492481
0.2499999999999991;-0.4;-0.4;-0.007271134184943659
0.14999999999999947;-0.4;-0.4;-0.006465215388150791
0.1999999999999993;-0.4;-0.4;-0.0056348689725257495
0.09999999999999964;-0.4;-0.4;-0.005363007596247932
0.09999999999999964;-0.4;-0.4;-0.005199177042295047
0.09999999999999964;-0.4;-0.4;-0.00515812155178107
0.09999999999999964;-0.4;-0.4;-0.005241446542065503
0.1999999999999993;-0.4745;0.4745;0.03331640790539609
0.14999999999999947;-0.4514;0.4514;0.07571118524599302
0.14999999999999947;-0.4259;0.4259;0.11439255597571416
0.14999999999999947;-0.4027;0.4027;0.15093049023069544
0.14999999999999947;-0.3808;0.3808;0.18688323646712823
0.14999999999999947;-0.3592;0.3592;0.21978069301720082
0.09999999999999964;-0.3395;0.3395;0.23964715379984614
0.2499999999999991;-0.3276;0.3276;0.28704632888050485
0.14999999999999947;-0.2991;0.2991;0.3148404509933107
0.09999999999999964;-0.2824;0.2824;0.3313189190877284
0.14999999999999947;-0.2726;0.2726;0.35629957633448484
0.09999999999999964;-0.2576;0.2576;0.37185271564508826
0.09999999999999964;-0.2482;0.2482;0.38691502236259234
0.09999999999999964;-0.2392;0.2392;0.40087819956644233
0.09999999999999964;-0.2308;0.2308;0.41520151797121807
0.2500000000000009;-0.2222;0.2222;0.44880582953874754
0.10000000000000142;-0.2021;0.2021;0.4607830024741921
0.10000000000000142;-0.2;0.2;0.47302709201094345
0.10000000000000142;-0.2;0.2;0.485178414540185
0.15000000000000213;-0.2;0.2;0.5032705499251189
0.10000000000000142;-0.2;0.2;0.515502439930237
0.10000000000000142;-0.2;0.2;0.5273911038509502
0.15000000000000213;-0.2;0.2;0.5458050553084057
0.15000000000000213;-0.2;0.2;0.5629830174445087
0.10000000000000142;-0.2;0.2;0.5752974444590584
0.15000000000000213;-0.2;0.2;0.5937171682447441
0.10000000000000142;-0.2;0.2;0.6058514951860211
0.10000000000000142;-0.2;0.2;0.6180861916496306
0.10000000000000142;-0.2;0.2;0.629563587537586
0.15000000000000213;-0.2;0.2;0.6470610577439816
0.15000000000000213;-0.2;0.2;0.6645397848468099
0.20000000000000284;-0.2;0.2;0.688771552829033
0.10000000000000142;-0.2;0.2;0.7008819682569577
0.15000000000000213;-0.2;0.2;0.7194007154278904
0.15000000000000213;-0.2;0.2;0.7380398297749973
0.15000000000000213;-0.2;0.2;0.756641927080852
0.10000000000000142;-0.2;0.2;0.7690424538033444
0.10000000000000142;-0.2;0.2;0.7814422198279762
0.10000000000000142;0.0;0.0;0.7814493424646926
0.20000000000000284;0.8;0.44;0.7851337856710251
0.10000000000000142;0.8;0.44;0.7742428349906414
0.10000000000000142;0.8;0.44;0.7629903377975522
0.10000000000000142;0.8;0.44;0.751155083312576
0.15000000000000213;0.8;0.44;0.7343947963059667
0.10000000000000142;0.8;0.44;0.723162266249317
0.10000000000000142;0.8;0.44;0.7116827678451141
0.15000000000000213;0.8;0.44;0.69445184611654
0.15000000000000213;0.8;0.44;0.6768208986354195
0.10000000000000142;0.8;0.44;0.6659069029918165
0.10000000000000142;0.8;0.44;0.6553431276677423
0.10000000000000142;0.8;0.44;0.644788178970142
0.15000000000000213;0.8;0.44;0.6293033174458036
0.10000000000000142;0.8;0.44;0.6193617717324735
0.10000000000000142;0.8;0.44;0.6093647049151937
0.20000000000000284;0.8;0.44;0.5903192637532733
0.15000000000000213;0.8;0.44;0.5765520427142257
0.10000000000000142;0.8;0.44;0.5673865548217578
0.10000000000000142;0.8;0.44;0.5582860097477246
0.15000000000000213;0.8;0.44;0.5446246432899312
0.10000000000000142;0.8;0.44;0.5355151258565892
0.10000000000000142;0.7949;0.4372;0.5258681782039677
0.10000000000000142;0.7891;0.434;0.5161835333099994
0.10000000000000142;0.7833;0.4308;0.5065040539459482
0.20000000000000284;0.7775;0.4276;0.4873452346679476
0.20000000000000284;0.766;0.4213;0.4680716990237013
0.10000000000000142;0.7545;0.415;0.45835060153108165
0.15000000000000213;0.7486;0.4117;0.44368129230061865
0.15000000000000213;0.7398;0.4069;0.42913834848019555
0.10000000000000142;0.7311;0.4021;0.42052054039845416
0.10000000000000142;0.7259;0.3993;0.41105796017417834
0.15000000000000213;0.7202;0.3961;0.3971524689343962
0.15000000000000213;0.7119;0.3915;0.3831600703063343
0.15000000000000213;0.7035;0.3869;0.3691114024910579
0.20000000000000284;0.6951;0.3823;0.3507787605113613
0.10000000000000142;0.6841;0.3762;0.3417013427008087
0.10000000000000142;0.6786;0.3732;0.33242010710267617
0.15000000000000213;0.6731;0.3702;0.3181325513176997
0.10000000000000142;0.6645;0.3655;0.30878579673537027
0.15000000000000213;0.6589;0.3624;0.29571632998039094
0.15000000000000213;0.651;0.3581;0.2829567072129375
0.15000000000000213;0.6434;0.3539;0.2703989405633035
0.10000000000000142;0.6359;0.3497;0.26211402985015947
0.15000000000000213;0.6309;0.347;0.2497475345827075
0.10000000000000142;0.6235;0.3429;0.24138915314161713
0.10000000000000142;0.6184;0.3401;0.23336731611774292
0.10000000000000142;0.6136;0.3375;0.22535947865114783
0.10000000000000142;0.6088;0.3349;0.2173772963234192
0.20000000000000284;0.604;0.3322;0.20134646797534922
0.10000000000000142;0.5944;0.3269;0.1934637929045253
0.15000000000000213;0.5897;0.3243;0.1814083095241824
0.10000000000000142;0.5825;0.3204;0.17313800290660014
0.10000000000000142;0.5775;0.3176;0.16539604135356892
0.10000000000000142;0.5729;0.3151;0.15770003577107192
0.10000000000000142;0.5682;0.3125;0.14985944713989158
0.10000000000000142;0.5635;0.3099;0.14211455823590993
0.25000000000000355;0.5589;0.3074;0.12318358936160666
0.10000000000000142;0.5475;0.3011;0.11531773404819529
0.10000000000000142;0.5428;0.2985;0.10740104778382102
0.15000000000000213;0.5381;0.2959;0.09589169256945267
0.10000000000000142;0.5311;0.2921;0.0881731467220321
0.15000000000000213;0.5265;0.2896;0.07672136890960035
0.10000000000000142;0.5196;0.2858;0.06966624371506419
0.10000000000000142;0.5154;0.2835;0.06237273735335876
0.20000000000000284;0.511;0.2811;0.049041257670761465
0.10000000000000142;0.503;0.2767;0.04208149193752491
0.10000000000000142;0.4989;0.2744;0.03514972588513622
0.15000000000000213;0.4947;0.2721;0.024891056746401245
0.10000000000000142;0.4885;0.2687;0.01806740294417946
0.10000000000000142;0.4845;0.2664;0.011304525112132622
0.10000000000000142;0.4804;0.2642;0.004637190027326811
0.10000000000000142;0.4764;0.262;-0.0018149652708765122
0.15000000000000213;0.4725;0.2599;-0.010129755195892291
0.15000000000000213;0.4675;0.2571;-0.02001876401757713
0.10000000000000142;0.4616;0.2539;-0.0263533819673116
0.15000000000000213;0.4578;0.2518;-0.035110478311390046
0.10000000000000142;0.4525;0.2489;-0.04103550412589389
0.15000000000000213;0.449;0.2469;-0.04942162935910539
0.10000000000000142;0.444;0.2442;-0.05507931090219652
0.15000000000000213;0.4406;0.2423;-0.06417037870021898
0.20000000000000284;0.4351;0.2393;-0.07627905877694936
0.10000000000000142;0.4278;0.2353;-0.08209966608465342
0.15000000000000213;0.4244;0.2334;-0.08982851011817417
0.15000000000000213;0.4197;0.2308;-0.09778187131191027
0.10000000000000142;0.4149;0.2282;-0.10298457273922483
0.10000000000000142;0.4118;0.2265;-0.10817210381253149
0.10000000000000142;0.4087;0.2248;-0.11313741239622203
0.15000000000000213;0.4057;0.2232;-0.1204165266502156
0.10000000000000142;0.4014;0.2207;-0.1252278361338071
0.20000000000000284;0.3985;0.2192;-0.13469023329166363
0.15000000000000213;0.3928;0.216;-0.14176143331484484
0.10000000000000142;0.3886;0.2137;-0.1465715606068478
0.15000000000000213;0.3857;0.2121;-0.1536944148265596
0.10000000000000142;0.3814;0.2098;-0.1585200417897257
0.10000000000000142;0.3785;0.2082;-0.1632342892749695
0.10000000000000142;0.3757;0.2066;-0.16801936769202858
0.15000000000000213;0.3728;0.205;-0.17536874795858243
0.20000000000000284;0.3684;0.2026;-0.18500468735014114
0.10000000000000142;0.3626;0.1994;-0.18967302930821198
0.10000000000000142;0.3598;0.1979;-0.1942980964705265
0.10000000000000142;0.357;0.1964;-0.19895271498279332
0.10000000000000142;0.3542;0.1948;-0.20352678484611356
0.10000000000000142;0.3515;0.1933;-0.20805050942445896
0.15000000000000213;0.3488;0.1918;-0.21486363540513087
0.15000000000000213;0.3447;0.1896;-0.22165317800595302
0.20000000000000284;0.3406;0.1873;-0.23044136961872538
0.10000000000000142;0.3353;0.1844;-0.23467275360041034
0.10000000000000142;0.3328;0.183;-0.23909831126372513
0.10000000000000142;0.3302;0.1816;-0.24327598138965567
0.10000000000000142;0.3276;0.1802;-0.24750782235153235
0.15000000000000213;0.3251;0.1788;-0.2532765033619974
0.15000000000000213;0.3216;0.1769;-0.2588645466303014
0.10000000000000142;0.3183;0.1751;-0.26263671092278473
0.10000000000000142;0.316;0.1738;-0.26628372828987823
0.20000000000000284;0.3138;0.1726;-0.2734285208152983
0.15000000000000213;0.3096;0.1703;-0.2786639908310168
0.15000000000000213;0.3064;0.1685;-0.28413727722318416
0.10000000000000142;0.3031;0.1667;-0.2876557605888538
0.15000000000000213;0.301;0.1656;-0.29309226465952054
0.10000000000000142;0.2978;0.1638;-0.2964867150653245
0.10000000000000142;0.2957;0.1626;-0.29986458176342545
0.10000000000000142;0.2937;0.1615;-0.3031286284390153
0.20000000000000284;0.2917;0.1605;-0.30961016064044783
0.10000000000000142;0.2878;0.1583;-0.31280437345105744
0.10000000000000142;0.2859;0.1573;-0.31598267412650405
0.10000000000000142;0.284;0.1562;-0.31945994030543684
0.10000000000000142;0.2819;0.1551;-0.322912123803282
0.10000000000000142;0.2799;0.1539;-0.3259948774711696
0.10000000000000142;0.278;0.1529;-0.32913558711899893
0.10000000000000142;0.2761;0.1519;-0.3322306832868731
0.10000000000000142;0.2743;0.1509;-0.3352062971931539
0.15000000000000213;0.2725;0.1499;-0.3398800347276885
0.10000000000000142;0.2697;0.1483;-0.34277202046825533
0.15000000000000213;0.2679;0.1474;-0.3473015185127256
0.10000000000000142;0.2652;0.1459;-0.3505295302067521
0.15000000000000213;0.2633;0.1448;-0.35527785854868515
0.10000000000000142;0.2604;0.1432;-0.35820716758150817
0.10000000000000142;0.2587;0.1423;-0.3614754205979466
0.15000000000000213;0.2567;0.1412;-0.3659423096468185
0.15000000000000213;0.254;0.1397;-0.3700368193413662
0.15000000000000213;0.2516;0.1384;-0.3742226885648561
0.10000000000000142;0.2491;0.137;-0.3771286244547804
0.10000000000000142;0.2473;0.136;-0.3801916878957814
0.10000000000000142;0.2455;0.135;-0.38273571785370597
0.10000000000000142;0.244;0.1342;-0.38543428812050506
0.15000000000000213;0.2424;0.1333;-0.3892840079311377
0.10000000000000142;0.24;0.132;-0.3918564091677446
0.15000000000000213;0.2385;0.1312;-0.39560555882862425
0.15000000000000213;0.2362;0.1299;-0.39916511217428263
0.10000000000000142;0.2341;0.1288;-0.4016642966893957
0.15000000000000213;0.2326;0.1279;-0.4056088757591691
0.10000000000000142;0.2302;0.1266;-0.408257778824826
0.15000000000000213;0.2287;0.1258;-0.41200328545818815
0.15000000000000213;0.2264;0.1245;-0.4157051377007508
0.15000000000000213;0.2242;0.1233;-0.419195851789307
0.15000000000000213;0.2221;0.1222;-0.42311452590835086
0.20000000000000284;0.2197;0.1209;-0.42845368751178164
0.10000000000000142;0.2165;0.1191;-0.4307768035074988
0.10000000000000142;0.2151;0.1183;-0.4330352452704697
0.10000000000000142;0.2138;0.1176;-0.4350705959287163
0.15000000000000213;0.2126;0.1169;-0.4386617306747849
0.15000000000000213;0.2104;0.1157;-0.4415928792341714
0.20000000000000284;0.2087;0.1148;-0.44588758650280547
0.10000000000000142;0.2061;0.1133;-0.44783080160209193
0.15000000000000213;0.2049;0.1127;-0.45099073410363627
0.19999999999999574;0.203;0.1117;-0.45499874897407744
0.09999999999999432;0.2006;0.1103;-0.45716625013057605
0.14999999999999147;0.2;0.11;-0.4605227619170493
0.14999999999999147;0.2;0.11;-0.46410417132099585
0.19999999999998863;0.2;0.11;-0.46794935680419525
0.14999999999999147;0.2;0.11;-0.4710012707330411
0.09999999999999432;0.2;0.11;-0.4729161829190945
0.14999999999999147;0.2;0.11;-0.47583473667831333
0.09999999999999432;0.2;0.11;-0.47789124390010673
0.09999999999999432;0.2;0.11;-0.47982659343751227
0.09999999999999432;0.2;0.11;-0.48169524543660386
0.09999999999999432;0.2;0.11;-0.48379634017101675
0.19999999999998863;0.2;0.11;-0.4876486574805598
0.09999999999999432;0.2;0.11;-0.48968789053520473
0.14999999999999147;0.2;0.11;-0.49267600113321947
0.14999999999999147;0.2;0.11;-0.49594480268972063
0.09999999999999432;0.2;0.11;-0.4980823432996492
0.09999999999999432;0.2;0.11;-0.5004715506237073
0.09999999999999432;0.2;0.11;-0.5028483245943451
0.14999999999999147;0.2;0.11;-0.5068629370243093
0.2499999999999858;0.2;0.11;-0.5140802089957888
0.09999999999999432;0.2;0.11;-0.5169801645931974
0.19999999999998863;0.2;0.11;-0.5229183147639983
0.09999999999999432;0.2;0.11;-0.5259026044767223
0.09999999999999432;0.2;0.11;-0.5288738486086753
0.09999999999999432;0.2;0.11;-0.5318370763579015
0.14999999999999147;0.2;0.11;-0.5362988249603142
0.14999999999999147;0.2;0.11;-0.5407559687171939
0.14999999999999147;0.2;0.11;-0.5452179564858374
0.14999999999999147;0.2;0.11;-0.5496805451357765
0.09999999999999432;0.2;0.11;-0.5526657950573756
0.19999999999998863;0.2;0.11;-0.5585939273330467
0.14999999999999147;0.2;0.11;-0.5630327471892317
0.14999999999999147;0.2;0.11;-0.567483037654815
0.09999999999999432;0.2;0.11;-0.5704435145303661
0.2499999999999858;0.2;0.11;-0.5777374515539976
0.14999999999999147;0.2;0.11;-0.5821756207242065
0.14999999999999147;0.2;0.11;-0.5866136799738589
0.09999999999999432;0.2;0.11;-0.5893792201130864
0.09999999999999432;0.2;0.11;-0.5921082003411289
0.14999999999999147;0.2;0.11;-0.596222443380954
0.09999999999999432;0.2;0.11;-0.5989547030057553
0.09999999999999432;0.2;0.11;-0.6017474145595045
0.19999999999998863;0.2;0.11;-0.6071502293601502
0.09999999999999432;0.2;0.11;-0.60993429204263
0.14999999999999147;0.2;0.11;-0.6140508543166097
0.14999999999999147;0.2;0.11;-0.6182533766901787
0.09999999999999432;0.2;0.11;-0.6209385229274894
0.14999999999999147;0.2;0.11;-0.6248360741236373
0.14999999999999147;0.2;0.11;-0.6285696884123295
0.14999999999999147;0.2;0.11;-0.6322098397676795
0.19999999999998863;0.2;0.11;-0.6364018956834383
0.19999999999998863;0.2;0.11;-0.6402237970426929
0.09999999999999432;0.2;0.11;-0.6423136857278534
0.19999999999998863;0.2;0.11;-0.6461205634607023
0.09999999999999432;0.2;0.11;-0.6481574930681087
0.09999999999999432;0.2;0.11;-0.6501973131511208
0.14999999999999147;0.2;0.11;-0.6530158909336394
0.14999999999999147;0.2;0.11;-0.6559861783658982
0.14999999999999147;0.2;0.11;-0.6589800712398945
0.14999999999999147;0.2;0.11;-0.6620745775163139
0.14999999999999147;0.2;0.11;-0.6649887112062758
0.09999999999999432;0.2;0.11;-0.6669054718187849
0.14999999999999147;0.2;0.11;-0.6700559935842977
0.14999999999999147;0.2;0.11;-0.6731098316126684
0.14999999999999147;0.2;0.11;-0.6761665142929979
0.2499999999999858;0.2;0.11;-0.6810548605247565
0.09999999999999432;0.2;0.11;-0.682960628198536
0.14999999999999147;0.2;0.11;-0.6866254874196713
0.14999999999999147;0.2;0.11;-0.6895214896508609
0.09999999999999432;0.2;0.11;-0.6915912178813922
0.19999999999998863;0.2;0.11;-0.6956203614757762
0.09999999999999432;0.2;0.11;-0.6976997660668767
0.09999999999999432;0.2;0.11;-0.6997105862447133
0.19999999999998863;0.2;0.11;-0.7039415227814039
0.14999999999999147;0.2;0.11;-0.7071990886024024
0.09999999999999432;0.2;0.11;-0.7096178532137863
0.14999999999999147;0.2;0.11;-0.7141447344537448
0.14999999999999147;0.2;0.11;-0.7190890041749483
0.09999999999999432;0.2;0.11;-0.7223746576800044
0.14999999999999147;0.2;0.11;-0.7273147879698227
0.19999999999998863;0.2;0.11;-0.7339237086633297
0.09999999999999432;0.2;0.11;-0.7369004043742301
0.14999999999999147;0.2;0.11;-0.74176115992596
0.09999999999999432;0.2;0.11;-0.7451159186610766
0.09999999999999432;0.2;0.11;-0.7485542760719393
0.19999999999998863;0.2;0.11;-0.7548345936553988
0.09999999999999432;0.2;0.11;-0.7580267760626686
0.09999999999999432;0.2;0.11;-0.7610681143510849
0.2499999999999858;0.2;0.11;-0.7693201094993796
0.09999999999999432;0.2;0.11;-0.7727162902328376
0.14999999999999147;0.0;0.0;-0.7732331274686481
0.09999999999999432;-0.4715;0.4715;-0.7576719811599099
0.09999999999999432;-0.4622;0.4622;-0.7312921247434601
0.14999999999999147;-0.4464;0.4464;-0.6905572972527683
0.09999999999999432;-0.4219;0.4219;-0.6651935384171037
0.14999999999999147;-0.4067;0.4067;-0.6287971287866391
0.2499999999999858;-0.3849;0.3849;-0.5720233287867228
0.14999999999999147;-0.3508;0.3508;-0.5412128890240115
0.09999999999999432;-0.3323;0.3323;-0.521261195326018
0.09999999999999432;-0.3204;0.3204;-0.5021497302381077
0.14999999999999147;-0.3089;0.3089;-0.47485917698442454
0.09999999999999432;-0.2925;0.2925;-0.45743062553699443
0.14999999999999147;-0.2821;0.2821;-0.4326927892769142
0.09999999999999432;-0.2672;0.2672;-0.4167666324762667
0.14999999999999147;-0.2577;0.2577;-0.39319816880081215
0.09999999999999432;-0.2435;0.2435;-0.3786960019252663
0.14999999999999147;-0.2348;0.2348;-0.3581405613244579
0.14999999999999147;-0.2225;0.2225;-0.3382226845414369
0.14999999999999147;-0.2105;0.2105;-0.3195170373891028
0.14999999999999147;-0.2;0.2;-0.3011972263226406
0.09999999999999432;-0.2;0.2;-0.2891963014583637
0.14999999999999147;-0.2;0.2;-0.2712147551544096
0.14999999999999147;-0.2;0.2;-0.2536979246832006
0.14999999999999147;-0.2;0.2;-0.23616175920876203
0.14999999999999147;-0.2;0.2;-0.2184368496453777
0.09999999999999432;-0.2;0.2;-0.20644225836182564
0.14999999999999147;-0.2;0.2;-0.1884053064946227
0.14999999999999147;-0.2;0.2;-0.17032755313646006
0.14999999999999147;-0.2;0.2;-0.15231428630481247
0.14999999999999147;-0.2;0.2;-0.13450840041976306
0.14999999999999147;-0.2;0.2;-0.11624322367808497
0.09999999999999432;-0.2;0.2;-0.10424814844789126
0.14999999999999147;-0.2;0.2;-0.08632189916532165
0.09999999999999432;-0.2;0.2;-0.0744973054264929
0.09999999999999432;-0.2;0.2;-0.06253364024129783
0.14999999999999147;-0.2;0.2;-0.044500251860413384
0.14999999999999147;-0.2;0.2;-0.026155135688975508
0.19999999999998863;-0.2;0.2;-0.0018599235333970655
0.09999999999999432;-0.2;0.2;0.010248636983094127
0.19999999999998863;0.0;0.0;0.010250581262108018
0.09999999999999432;1.5;1.5;0.009824392380101226
0.09999999999999432;1.4958;1.5042;0.009506105627991404
0.14999999999999147;1.4926;1.5074;0.009183773843151735
0.09999999999999432;1.4894;1.5106;0.007801393147328627
0.14999999999999147;1.4755;1.5245;0.006113643321533184
0.19999999999998863;1.4587;1.5413;0.012562098337154083
0.09999999999999432;1.5231;1.4769;0.01146796381245088
0.09999999999999432;1.5122;1.4878;0.009926153274643901
0.09999999999999432;1.4968;1.5032;0.010075586139173238
0.14999999999999147;1.4983;1.5017;0.010863067300346795
0.09999999999999432;1.5061;1.4939;0.011103826215469013
0.14999999999999147;1.5086;1.4914;0.011289804502748106
0.2499999999999858;1.5104;1.4896;0.009020555156842459
0.14999999999999147;1.4877;1.5123;0.01033889024298217
0.09999999999999432;1.5009;1.4991;0.010747280765982805
0.09999999999999432;1.505;1.495;0.011106484896823195
0.09999999999999432;1.5086;1.4914;0.01113439454945333
0.09999999999999432;1.5089;1.4911;0.010760684769175572
0.14999999999999147;1.5051;1.4949;0.009493675371771702
0.14999999999999147;1.4925;1.5075;0.009353465311460663
0.14999999999999147;1.491;1.509;0.008917394852976926
0.14999999999999147;1.4867;1.5133;0.008912307717559883
0.09999999999999432;1.4866;1.5134;0.008900963643190617
0.14999999999999147;1.4865;1.5135;0.008902776720309757
0.09999999999999432;1.4865;1.5135;0.008899842370250202
0.09999999999999432;1.4865;1.5135;0.008885450338091206
0.09999999999999432;1.4864;1.5136;0.008882908485661535
0.09999999999999432;1.4863;1.5137;0.0088891013138062
0.14999999999999147;1.4864;1.5136;0.008905937262025931
0.14999999999999147;1.4866;1.5134;0.008898313692869073
0.09999999999999432;1.4865;1.5135;0.008889017956368097
0.09999999999999432;1.4864;1.5136;0.0088866093354553
0.14999999999999147;1.4864;1.5136;0.008904706235127933
0.09999999999999432;1.4866;1.5134;0.00889987877557941
0.14999999999999147;1.4865;1.5135;0.008873890683459494
0.14999999999999147;1.4863;1.5137;0.0088890897132468
0.19999999999998863;1.4864;1.5136;0.008880356301664692
0.09999999999999432;1.4863;1.5137;0.008881767300685448
0.09999999999999432;1.4863;1.5137;0.008891285009357383
0.09999999999999432;1.4864;1.5136;0.008908167063677395
0.14999999999999147;1.4866;1.5134;0.00888638492429955
0.14999999999999147;1.4864;1.5136;0.008904983117614347
0.09999999999999432;1.4866;1.5134;0.008909659898937076
0.14999999999999147;1.4866;1.5134;0.008896258189914968
0.14999999999999147;1.4865;1.5135;0.008913653041990752
0.09999999999999432;1.4865;1.5135;0.008925434132810016
0.09999999999999432;-0.4;-0.4;0.010864769604813182
0.09999999999999432;-0.4;-0.4;0.01104682669437668
0.09999999999999432;-0.4;-0.4;0.011397459781804314
0.09999999999999432;-0.4;-0.4;0.011663235740085489
0.09999999999999432;-0.4;-0.4;0.011723795476170897
0.14999999999999147;-0.4;-0.4;0.011642925242628268
0.19999999999998863;-0.4;-0.4;0.011728867674381804
0.14999999999999147;-0.4;-0.4;0.01177705477245672
0.09999999999999432;-0.4;-0.4;0.012202681640656726
0.14999999999999147;-0.4;-0.4;0.013108681348778347
0.09999999999999432;-0.4;-0.4;0.01364186191194492
0.09999999999999432;-0.4;-0.4;0.014248623221886686
0.14999999999999147;-0.4;-0.4;0.015136318345553736
0.09999999999999432;-0.4;-0.4;0.0158438849882436
0.14999999999999147;-0.4;-0.4;0.016290399467017217
0.14999999999999147;-0.4;-0.4;0.016076501759440753
0.09999999999999432;-0.4;-0.4;0.015483259593431753
0.09999999999999432;-0.4;-0.4;0.014816983757075117
0.14999999999999147;-0.4;-0.4;0.014086224411058198
0.14999999999999147;-0.4;-0.4;0.013194415984240876
0.09999999999999432;-0.4;-0.4;0.01298474218061135
0.09999999999999432;-0.4;-0.4;0.01282840044310103
0.09999999999999432;-0.4;-0.4;0.01243065257052408
0.14999999999999147;-0.4;-0.4;0.012149424046628143
0.09999999999999432;-0.4;-0.4;0.011893843391999621
0.09999999999999432;-0.4;-0.4;0.011530290688386112
0.09999999999999432;-0.4;-0.4;0.011321150855709951
0.09999999999999432;-0.4;-0.4;0.011035541272516776
0.14999999999999147;-0.4;-0.4;0.01044550966960315
0.14999999999999147;-0.4;-0.4;0.009974141452411402
0.09999999999999432;-0.4;-0.4;0.009439877742157774
0.14999999999999147;-0.4;-0.4;0.008476980956619092
0.09999999999999432;-0.4;-0.4;0.0079170401888841
0.09999999999999432;-0.4;-0.4;0.007240654214545461
0.09999999999999432;-0.4;-0.4;0.006513293705179494
0.09999999999999432;-0.4;-0.4;0.005809989719092305
0.09999999999999432;-0.4;-0.4;0.00511002681772653
0.09999999999999432;-0.4;-0.4;0.004382939450153336
0.09999999999999432;-0.4;-0.4;0.0037076135337764703
0.09999999999999432;-0.4;-0.4;0.002942398762459407
0.19999999999998863;-0.4;-0.4;0.0014058012945623365
0.09999999999999432;-0.4;-0.4;0.0007119225837261809
0.09999999999999432;-0.4;-0.4;-4.297834992955706e-05
0.09999999999999432;-0.4;-0.4;-0.0007883859689898615
0.09999999999999432;-0.4;-0.4;-0.0014113449340322434
0.09999999999999432;-0.4;-0.4;-0.0021819779866514752
0.14999999999999147;-0.4;-0.4;-0.003330997712939108
0.09999999999999432;-0.4;-0.4;-0.0038766245030089825
0.19999999999998863;-0.4;-0.4;-0.005064977466005767
0.09999999999999432;-0.4;-0.4;-0.0054654821356234515
0.14999999999999147;-0.4;-0.4;-0.006257740031718459
0.09999999999999432;-0.4;-0.4;-0.00663493049339283
0.14999999999999147;-0.4;-0.4;-0.006886197669609034
0.09999999999999432;-0.4;-0.4;-0.006843675659582494
0.14999999999999147;-0.4;-0.4;-0.006465192563805319
0.2499999999999858;-0.4;-0.4;-0.0052751730667437045
0.09999999999999432;-0.4;-0.4;-0.00470986684862089
0.09999999999999432;-0.4;-0.4;-0.004191389931086306
0.09999999999999432;-0.4;-0.4;-0.0038414029917983924
0.14999999999999147;-0.4;-0.4;-0.004055667233325721
0.09999999999999432;-0.4;-0.4;-0.004440243591060754
0.14999999999999147;-0.4;-0.4;-0.004306103719377419
0.14999999999999147;0.8;-0.8;-0.04318482906185383
0.14999999999999147;0.8;-0.8;-0.11085485899208836
0.14999999999999858;0.8;-0.8;-0.18272672527772726
0.09999999999999432;0.8;-0.8;-0.23062079644432734
0.09999999999999432;0.8;-0.8;-0.2783929980867533
0.09999999999999432;0.8;-0.8;-0.32619766143728474
0.09999999999999432;0.8;-0.8;-0.3741141215055636
0.09999999999999432;0.8;-0.8;-0.42189089480086084
0.14999999999999147;0.8;-0.8;-0.4934238944530279
0.19999999999998863;0.8;-0.8;-0.5884535394994609
0.14999999999999147;0.8;-0.8;-0.6605682905063116
0.14999999999999147;0.8;-0.8;-0.7325911342598025
0.14999999999999147;0.8;-0.8;-0.8046287436011352
0.09999999999999432;0.8;-0.8;-0.8527280104818342
0.09999999999999432;0.8;-0.8;-0.9013581664731455
0.14999999999999147;0.8;-0.8;-0.9732731393878945
0.09999999999999432;0.8;-0.8;-1.0212898012536251
0.14999999999999147;0.8;-0.8;-1.0939182393955418
0.14999999999999147;0.8;-0.8;-1.1657626370415308
0.14999999999999147;0.8;-0.8;-1.237413209112361
0.14999999999999147;0.8;-0.8;-1.3096078992534268
0.14999999999999147;0.8;-0.8;-1.3815788228673611
0.09999999999999432;0.8;-0.8;-1.4292517438463899
0.14999999999999147;0.8;-0.8;-1.5004625432203018
0.09999999999999432;0.8;-0.8;-1.548052352898473
0.19999999999998863;0.8;-0.8;-1.643710762527108
0.14999999999999147;0.8;-0.8;-1.7154424509181172
0.09999999999999432;0.8;-0.8;-1.7632933114662506
0.09999999999999432;0.8;-0.8;-1.811074766646958
0.09999999999999432;0.793;-0.793;-1.858371090298153
0.09999999999999432;0.7646;-0.7646;-1.904080256057359
0.09999999999999432;0.7372;-0.7372;-1.9481630657902853
0.09999999999999432;0.7107;-0.7107;-1.9906446191694587
0.19999999999998863;0.6852;-0.6852;-2.0719992122434707
0.14999999999999147;0.6364;-0.6364;-2.1289288687460437
0.09999999999999432;0.6023;-0.6023;-2.164495490163355
0.14999999999999147;0.5809;-0.5809;-2.216998324145867
0.14999999999999147;0.5494;-0.5494;-2.2660074371524344
0.09999999999999432;0.52;-0.52;-2.2973878913267214
0.14999999999999147;0.5012;-0.5012;-2.342132556446054
0.14999999999999147;0.4743;-0.4743;-2.3843457182722396
0.14999999999999147;0.449;-0.449;-2.42459247622283
0.14999999999999147;0.4249;-0.4249;-2.4629430710829956
0.19999999999998863;0.4018;-0.4018;-2.5101630245150703
0.09999999999999432;0.3735;-0.3735;-2.5324908546377194
0.09999999999999432;0.3601;-0.3601;-2.5535730901420015
0.14999999999999147;0.3475;-0.3475;-2.5848023761154066
0.14999999999999147;0.3287;-0.3287;-2.6141278204535796
0.09999999999999432;0.3111;-0.3111;-2.6323392680819815
0.2499999999999858;0.3002;-0.3002;-2.6774056701975946
0.09999999999999432;0.2732;-0.2732;-2.6935951724876794
0.09999999999999432;0.2635;-0.2635;-2.7090298801585924
0.14999999999999147;0.2542;-0.2542;-2.731251646676431
0.14999999999999147;0.2409;-0.2409;-2.75287058642771
0.09999999999999432;0.2279;-0.2279;-2.7661891400075285
0.19999999999998863;0.2199;-0.2199;-2.7934743182165818
0.14999999999999147;0.2035;-0.2035;-2.8114063394417146
0.14999999999999147;0.2;-0.2;-2.8292736548805446
0.19999999999998863;0.2;-0.2;-2.8524818911662098
0.09999999999999432;0.2;-0.2;-2.8644386153604025
0.09999999999999432;0.2;-0.2;-2.8765292655315085
0.14999999999999147;0.2;-0.2;-2.89486942125364
0.09999999999999432;0.2;-0.2;-2.906940136603046
0.14999999999999147;0.2;-0.2;-2.925321103489974
0.19999999999998863;0.2;-0.2;-2.949179605662449
0.14999999999999147;0.2;-0.2;-2.9671225171763957
0.09999999999999432;0.2;-0.2;-2.9791602746291237
0.09999999999999432;0.2;-0.2;-2.9911078042872585
0.14999999999999147;0.2;-0.2;-3.008772631867473
0.09999999999999432;0.2;-0.2;-3.020930524701445
0.14999999999999147;0.2;-0.2;-3.0390834773161584
0.14999999999999147;0.2;-0.2;-3.0565738940711533
0.14999999999999147;0.2;-0.2;-3.0742469045372713
0.14999999999999147;0.2;-0.2;-3.091924865160198
0.09999999999999432;0.2;-0.2;-3.103899713056357
0.09999999999999432;0.2;-0.2;-3.1161125380640393
0.14999999999999147;0.2;-0.2;-3.1343953162981664
0.09999999999999432;0.0;0.0;-3.134402986941493
0.14999999999999147;1.4828;1.5172;-3.136023702407682
0.14999999999999147;1.4666;1.5334;-3.1428311480747575
0.2499999999999858;1.3985;1.6015;-3.1181886251016855
0.14999999999999147;1.6449;1.3551;-3.119264554897492
0.09999999999999432;1.6341;1.3659;-3.126231913896732
0.14999999999999147;1.5645;1.4355;-3.1327166860778344
0.14999999999999147;1.4996;1.5004;-3.1333291704000867
0.09999999999999432;1.4935;1.5065;-3.1337130398418873
0.09999999999999432;1.4897;1.5103;-3.133912848558083
0.14999999999999147;1.4877;1.5123;-3.134023919276746
0.14999999999999147;1.4866;1.5134;-3.1340412151788786
0.14999999999999147;1.4864;1.5136;-3.1340322353505177
0.14999999999999147;1.4865;1.5135;-3.134045399972994
0.09999999999999432;1.4863;1.5137;-3.134033989380024
0.09999999999999432;1.4865;1.5135;-3.1340159909926784
0.14999999999999147;1.4866;1.5134;-3.134017313404867
0.14999999999999147;1.4866;1.5134;-3.134040034079675
0.19999999999998863;1.4864;1.5136;-3.1340019136746475
0.19999999999998863;1.4868;1.5132;-3.1339969154005547
0.09999999999999432;1.4868;1.5132;-3.1340113490991706
0.14999999999999147;1.4867;1.5133;-3.134031009917516
0.14999999999999147;1.4865;1.5135;-3.134028920715265
0.09999999999999432;1.4865;1.5135;-3.13401492831175
0.09999999999999432;1.4866;1.5134;-3.134022266782725
0.2499999999999858;1.4866;1.5134;-3.134049484997112
0.09999999999999432;1.4863;1.5137;-3.1340225785436946
0.14999999999999147;1.4866;1.5134;-3.1340371001369403
0.14999999999999147;1.4864;1.5136;-3.134042754761545
0.09999999999999432;1.4864;1.5136;-3.134042666840729
0.14999999999999147;1.4864;1.5136;-3.1340208131047365
0.14999999999999147;1.4866;1.5134;-3.1340212719838147
0.19999999999998863;1.4866;1.5134;-3.1339968306603136
0.14999999999999147;1.4868;1.5132;-3.1340313694123427
0.09999999999999432;1.4865;1.5135;-3.1340227492451764
0.14999999999999147;1.4866;1.5134;-3.134019162451467
0.14999999999999147;1.4866;1.5134;-3.1340391239550924
0.14999999999999147;1.4864;1.5136;-3.1340463677571004
0.19999999999998863;1.4863;1.5137;-3.1340121616251126
0.09999999999999432;1.4867;1.5133;-3.1340469230695067
0.14999999999999147;1.4863;1.5137;-3.1340642897776485
0.14999999999999147;1.4861;1.5139;-3.1340258262326626
0.09999999999999432;1.4861;1.5139;-3.1273475293228468
0.09999999999999432;-0.4;-0.4;-3.127816285893802
0.14999999999999147;-0.4;-0.4;-3.1277742389854217
0.09999999999999432;-0.4;-0.4;-3.1276015716008496
0.09999999999999432;-0.4;-0.4;-3.127413295673015
0.14999999999999147;-0.4;-0.4;-3.1272312962708306
0.14999999999999147;-0.4;-0.4;-3.1283917176504654
0.14999999999999147;-0.4;-0.4;-3.1295890104226776
0.14999999999999147;-0.4;-0.4;-3.1306974772734484
0.14999999999999147;-0.4;-0.4;-3.131833045837049
0.09999999999999432;-0.4;-0.4;-3.132593993143734
0.14999999999999147;-0.4;-0.4;-3.1337654017997627
0.09999999999999432;-0.4;-0.4;-3.13448716576914
0.19999999999998863;-0.4;-0.4;-3.1333034129694948
0.19999999999998863;-0.4;-0.4;-3.132699378332002
0.09999999999999432;-0.4;-0.4;-3.1328490026569606
0.14999999999999147;-0.4;-0.4;-3.1334190040162424
0.14999999999999147;-0.4;-0.4;-3.1338888880917115
0.09999999999999432;-0.4;-0.4;-3.134071002423096
0.14999999999999147;0.4712;-0.4712;-3.155305174320582
0.09999999999999432;0.4585;-0.4585;-3.182098737254074
0.2499999999999858;0.4424;-0.4424;-3.2480332312724123
0.09999999999999432;0.4028;-0.4028;-3.2722109360958087
0.09999999999999432;0.3883;-0.3883;-3.2952979704879772
0.09999999999999432;0.3745;-0.3745;-3.3176691592285237
0.09999999999999432;0.3611;-0.3611;-3.339073802740161
0.14999999999999147;0.3482;-0.3482;-3.37021183272371
0.14999999999999147;0.3295;-0.3295;-3.400069251325124
0.14999999999999147;0.3116;-0.3116;-3.4284833552164944
0.14999999999999147;0.2946;-0.2946;-3.454565075743139
0.09999999999999432;0.2789;-0.2789;-3.4711675894018486
0.09999999999999432;0.269;-0.269;-3.4870177119371233
0.14999999999999147;0.2594;-0.2594;-3.5104393677472845
0.09999999999999432;0.2454;-0.2454;-3.5249334409121778
0.14999999999999147;0.2367;-0.2367;-3.546147833705129
0.09999999999999432;0.224;-0.224;-3.5593770118384738
0.19999999999998863;0.216;-0.216;-3.584843891349139
0.09999999999999432;0.2007;-0.2007;-3.5966099166199235
0.09999999999999432;0.2;-0.2;-3.608563408274606
0.09999999999999432;0.2;-0.2;-3.620477857352332
0.14999999999999147;0.2;-0.2;-3.6382923206707383
0.14999999999999147;0.2;-0.2;-3.6564957386397596
0.09999999999999432;0.2;-0.2;-3.668172266415063
0.09999999999999432;0.2;-0.2;-3.6797538057150767
0.14999999999999147;0.2;-0.2;-3.6976419239942744
0.14999999999999147;0.2;-0.2;-3.715185531414112
0.09999999999999432;0.2;-0.2;-3.7269420031001266
0.14999999999999147;0.2;-0.2;-3.7445564008190777
0.09999999999999432;0.2;-0.2;-3.756118513091439
0.09999999999999432;0.2;-0.2;-3.767947106239125
0.14999999999999147;0.2;-0.2;-3.7860435253693305
0.14999999999999147;0.2;-0.2;-3.8043912550104153
0.14999999999999147;0.2;-0.2;-3.822313049163752
0.14999999999999147;0.2;-0.2;-3.8397793516191614
0.14999999999999147;0.2;-0.2;-3.8581540947278508
0.09999999999999432;0.2;-0.2;-3.870186006580577
0.09999999999999432;0.2;-0.2;-3.8821470429114093
0.09999999999999432;0.2;-0.2;-3.89419669701289
0.09999999999999432;0.2;-0.2;-3.9061463761204993
0.14999999999999147;0.2;-0.2;-3.9239464119129783
0.14999999999999147;0.0;0.0;-3.92393600388328
0.09999999999999432;0.44;0.8;-3.92462405282585
0.09999999999999432;0.44;0.8;-3.91504943334996
0.09999999999999432;0.44;0.8;-3.9039534402023346
0.09999999999999432;0.44;0.8;-3.8928443607295407
0.14999999999999147;0.44;0.8;-3.8758122358828446
0.09999999999999432;0.44;0.8;-3.864718061418557
0.19999999999998863;0.44;0.8;-3.8425967538434325
0.09999999999999432;0.44;0.8;-3.831775460379486
0.14999999999999147;0.44;0.8;-3.8154700687472154
0.09999999999999432;0.44;0.8;-3.804518239900838
0.09999999999999432;0.44;0.8;-3.793707318876247
0.09999999999999432;0.44;0.8;-3.7834607419279602
0.09999999999999432;0.44;0.8;-3.7731566365704614
0.09999999999999432;0.44;0.8;-3.7626581816746643
0.09999999999999432;0.44;0.8;-3.751908025450793
0.14999999999999147;0.44;0.8;-3.735811297993458
0.09999999999999432;0.44;0.8;-3.7251281853364424
0.09999999999999432;0.44;0.8;-3.7145878140228805
0.14999999999999147;0.44;0.8;-3.698655966838363
0.14999999999999147;0.44;0.8;-3.682680129781272
0.09999999999999432;0.4387;0.7977;-3.672039358275213
0.14999999999999147;0.4352;0.7913;-3.6560761554351004
0.19999999999998863;0.43;0.7818;-3.6347751012724294
0.14999999999999147;0.4229;0.769;-3.619338580868735
0.14999999999999147;0.4178;0.7597;-3.6040271511517483
0.09999999999999432;0.4128;0.7505;-3.5941847667532922
0.19999999999998863;0.4095;0.7446;-3.5745867621522263
0.09999999999999432;0.4031;0.7329;-3.5650336408571275
0.14999999999999147;0.3999;0.7271;-3.550638290534414
0.14999999999999147;0.3952;0.7185;-3.5364578901451886
0.2499999999999858;0.3905;0.71;-3.513628063498914
0.09999999999999432;0.383;0.6963;-3.5045933112696357
0.09999999999999432;0.38;0.6909;-3.495770638042796
0.09999999999999432;0.3771;0.6856;-3.4872020895615687
0.09999999999999432;0.3742;0.6804;-3.4789020162773134
0.09999999999999432;0.3715;0.6755;-3.4708602889202327
0.09999999999999432;0.3688;0.6706;-3.462323579770379
0.09999999999999432;0.366;0.6655;-3.4536981736531542
0.14999999999999147;0.3632;0.6603;-3.440598214016333
0.14999999999999147;0.3589;0.6525;-3.42803993086325
0.14999999999999147;0.3547;0.6449;-3.4155522934088145
0.09999999999999432;0.3506;0.6374;-3.4070510136296352
0.09999999999999432;0.3478;0.6323;-3.3983177387364094
0.14999999999999147;0.3449;0.6271;-3.385492418878011
0.09999999999999432;0.3407;0.6194;-3.3770756500570025
0.14999999999999147;0.3379;0.6144;-3.364962024077062
0.2499999999999858;0.3339;0.6071;-3.343506754661099
0.09999999999999432;0.3268;0.5942;-3.3350002472174607
0.14999999999999147;0.324;0.5891;-3.3219606471970757
0.14999999999999147;0.3197;0.5813;-3.3097152089126514
0.09999999999999432;0.3157;0.5739;-3.3018093849832004
0.14999999999999147;0.3131;0.5692;-3.290312838599402
0.14999999999999147;0.3093;0.5623;-3.2789894232831456
0.14999999999999147;0.3055;0.5555;-3.2679558118844936
0.19999999999998863;0.3019;0.5489;-3.253087975272614
0.09999999999999432;0.297;0.54;-3.2459995819393543
0.09999999999999432;0.2946;0.5357;-3.2390353330276658
0.14999999999999147;0.2923;0.5315;-3.2287809747288443
0.09999999999999432;0.289;0.5254;-3.222006701654241
0.14999999999999147;0.2867;0.5213;-3.2118113508313857
0.09999999999999432;0.2834;0.5152;-3.204925537359803
0.14999999999999147;0.2811;0.5111;-3.1944333274407257
0.2499999999999858;0.2776;0.5048;-3.1769435613502655
0.14999999999999147;0.2719;0.4943;-3.166610561823273
0.19999999999998863;0.2684;0.4881;-3.15311825695345
0.14999999999999147;0.264;0.48;-3.1431640405803605
0.09999999999999432;0.2607;0.474;-3.1365900293229334
0.09999999999999432;0.2585;0.4701;-3.1301720034500926
0.09999999999999432;0.2564;0.4662;-3.1236707750925485
0.09999999999999432;0.2543;0.4623;-3.1172435378572003
0.14999999999999147;0.2522;0.4585;-3.107662432791098
0.09999999999999432;0.249;0.4527;-3.101291265311382
0.09999999999999432;0.2469;0.4489;-3.095196663926649
0.09999999999999432;0.2449;0.4452;-3.088903288149285
0.14999999999999147;0.2428;0.4415;-3.080226981292803
0.14999999999999147;0.2399;0.4362;-3.0716618350077525
0.14999999999999147;0.2371;0.4311;-3.063188005914016
0.09999999999999432;0.2343;0.426;-3.0575913981409633
0.09999999999999432;0.2325;0.4227;-3.0520386619688566
0.2499999999999858;0.2306;0.4193;-3.0383335408474488
0.14999999999999147;0.2261;0.4111;-3.030421292899875
0.09999999999999432;0.2235;0.4064;-3.025153451826709
0.09999999999999432;0.2218;0.4032;-3.020007221356137
0.09999999999999432;0.2201;0.4001;-3.014897132132315
0.14999999999999147;0.2184;0.397;-3.007377510905405
0.09999999999999432;0.2159;0.3925;-3.0024617200759223
0.09999999999999432;0.2143;0.3896;-2.997570547758052
0.14999999999999147;0.2127;0.3867;-2.9893024682415934
0.14999999999999147;0.2099;0.3817;-2.9807711577285168
0.09999999999999432;0.2071;0.3766;-2.9750462903284722
0.09999999999999432;0.2052;0.3731;-2.969564936787482
0.09999999999999432;0.2034;0.3698;-2.9643422234943406
0.14999999999999147;0.2017;0.3667;-2.956192362178753
0.14999999999999147;0.199;0.3618;-2.9494744750713897
0.09999999999999432;0.1968;0.3578;-2.945318738556318
0.19999999999998863;0.1954;0.3553;-2.9370034087011505
0.14999999999999147;0.1927;0.3503;-2.930045843408834
0.14999999999999147;0.1904;0.3461;-2.922698280561729
0.14999999999999147;0.188;0.3417;-2.915933782298147
0.14999999999999147;0.1857;0.3377;-2.9095804839325172
0.14999999999999147;0.1836;0.3339;-2.9036642777366097
0.14999999999999147;0.1817;0.3303;-2.8976118418470924
0.09999999999999432;0.1797;0.3267;-2.893783669753877
0.09999999999999432;0.1784;0.3244;-2.8896939053773605
0.14999999999999147;0.1771;0.3219;-2.884155920655358
0.09999999999999432;0.1752;0.3186;-2.880230105988463
0.09999999999999432;0.1739;0.3162;-2.8763151401726406
0.14999999999999147;0.1726;0.3139;-2.870540060016542
0.09999999999999432;0.1707;0.3104;-2.8667589339583337
0.09999999999999432;0.1695;0.3082;-2.862667762803859
0.09999999999999432;0.1681;0.3057;-2.858692206775082
0.14999999999999147;0.1668;0.3033;-2.8520303621978327
0.19999999999998863;0.1646;0.2993;-2.8431209785197824
0.14999999999999147;0.1617;0.294;-2.8364443966354984
0.09999999999999432;0.1595;0.29;-2.8320255183850698
0.14999999999999147;0.158;0.2873;-2.825461949561227
0.09999999999999432;0.1559;0.2834;-2.82130825214389
0.09999999999999432;0.1545;0.2809;-2.8169978871395758
0.14999999999999147;0.1531;0.2783;-2.8106646847187093
0.09999999999999432;0.151;0.2745;-2.8064044318166466
0.19999999999998863;0.1496;0.272;-2.7980243307235027
0.14999999999999147;0.1468;0.2669;-2.791823352176446
0.09999999999999432;0.1448;0.2632;-2.787872755423854
0.09999999999999432;0.1435;0.2608;-2.783890338454712
0.09999999999999432;0.1421;0.2584;-2.780107466234529
0.09999999999999432;0.1409;0.2562;-2.776328246561612
0.14999999999999147;0.1396;0.2539;-2.770776058230321
0.14999999999999147;0.1378;0.2506;-2.765372128070347
0.19999999999998863;0.136;0.2473;-2.7579619887160622
0.09999999999999432;0.1336;0.2429;-2.754080946985421
0.09999999999999432;0.1323;0.2406;-2.7504537723223543
0.14999999999999147;0.1311;0.2384;-2.7457870328892615
0.09999999999999432;0.1296;0.2356;-2.742947303183525
0.14999999999999147;0.1286;0.2339;-2.739344703552014
0.09999999999999432;0.1274;0.2317;-2.7369870154685936
0.14999999999999147;0.1267;0.2303;-2.733026696325402
0.14999999999999147;0.1254;0.2279;-2.7291120304902012
0.09999999999999432;0.1241;0.2256;-2.7264703446221588
0.09999999999999432;0.1232;0.224;-2.7239360426708004
0.09999999999999432;0.1224;0.2225;-2.7215438269109296
0.09999999999999432;0.1216;0.221;-2.718914405586105
0.14999999999999147;0.1207;0.2195;-2.7147259787189473
0.19999999999998863;0.1193;0.2169;-2.708803359383113
0.09999999999999432;0.1174;0.2134;-2.7058281355706986
0.19999999999998863;0.1164;0.2116;-2.6996793294147383
0.14999999999999147;0.1144;0.2079;-2.6956952725245316
0.09999999999999432;0.113;0.2055;-2.693155899544118
0.19999999999998863;0.1122;0.204;-2.6881507636588275
0.09999999999999432;0.1106;0.201;-2.685654635629288
0.14999999999999147;0.11;0.2;-2.6819148688386116
0.14999999999999147;0.11;0.2;-2.6781741643560117
0.09999999999999432;0.11;0.2;-2.6756780824561055
0.14999999999999147;0.11;0.2;-2.6719284229414377
0.09999999999999432;0.11;0.2;-2.669420594871373
0.09999999999999432;0.11;0.2;-2.6669057955764734
0.09999999999999432;0.11;0.2;-2.6643828000771625
0.09999999999999432;0.11;0.2;-2.6618504265145733
0.09999999999999432;0.11;0.2;-2.6593075322281385
0.09999999999999432;0.11;0.2;-2.6567530101541417
0.14999999999999147;0.11;0.2;-2.652892055593416
0.09999999999999432;0.11;0.2;-2.6503038251172066
0.19999999999998863;0.11;0.2;-2.6450643254719006
0.09999999999999432;0.11;0.2;-2.642427360150547
0.19999999999998863;0.11;0.2;-2.637098248042514
0.09999999999999432;0.11;0.2;-2.63440402748799
0.14999999999999147;0.11;0.2;-2.6302972731223884
0.09999999999999432;0.11;0.2;-2.6275224798189134
0.14999999999999147;0.11;0.2;-2.6233007101907466
0.09999999999999432;0.11;0.2;-2.620421493605624
0.14999999999999147;0.11;0.2;-2.6160171920156956
0.19999999999998863;0.11;0.2;-2.61014609647182
0.09999999999999432;0.11;0.2;-2.607213882854211
0.14999999999999147;0.11;0.2;-2.602841785698313
0.14999999999999147;0.11;0.2;-2.5984894636737166
0.14999999999999147;0.11;0.2;-2.594155726576164
0.14999999999999147;0.11;0.2;-2.589841000298812
0.14999999999999147;0.11;0.2;-2.58553791615402
0.09999999999999432;0.11;0.2;-2.582679651587492
0.14999999999999147;0.11;0.2;-2.5784057949207875
0.14999999999999147;0.11;0.2;-2.5741433087423444
0.14999999999999147;0.11;0.2;-2.5698908268606635
0.14999999999999147;0.11;0.2;-2.5656477083799394
0.14999999999999147;0.11;0.2;-2.561411833073837
0.19999999999998863;0.11;0.2;-2.5557725961355606
0.14999999999999147;0.11;0.2;-2.5515456683116904
0.14999999999999147;0.11;0.2;-2.547319311669192
0.14999999999999147;0.11;0.2;-2.5430916739508107
0.19999999999998863;0.11;0.2;-2.537450760095404
0.09999999999999432;0.11;0.2;-2.53462832526468
0.14999999999999147;0.11;0.2;-2.530447514205255
0.19999999999998863;0.11;0.2;-2.5251840768590026
0.14999999999999147;0.11;0.2;-2.521318198005898
0.14999999999999147;0.11;0.2;-2.517325230443848
0.14999999999999147;0.11;0.2;-2.5133370554808434
0.09999999999999432;0.11;0.2;-2.5105884323614536
0.09999999999999432;0.11;0.2;-2.5077552409213206
0.14999999999999147;0.11;0.2;-2.502901149886337
0.29999999999998295;0.11;0.2;-2.4932079590568446
0.09999999999999432;0.11;0.2;-2.48995021079785
0.14999999999999147;0.11;0.2;-2.4852600971058214
0.09999999999999432;0.11;0.2;-2.4821654457052618
0.14999999999999147;0.11;0.2;-2.4771959341666263
0.09999999999999432;0.11;0.2;-2.473803786344907
0.14999999999999147;0.11;0.2;-2.4687762072462656
0.14999999999999147;0.11;0.2;-2.4642647989697863
0.19999999999998863;0.11;0.2;-2.4580152074559436
0.09999999999999432;0.11;0.2;-2.454864773069044
0.14999999999999147;0.11;0.2;-2.4510038022289855
0.14999999999999147;0.11;0.2;-2.447321254019171
0.14999999999999147;0.11;0.2;-2.443311627628134
0.14999999999999147;0.11;0.2;-2.4392160230746187
0.09999999999999432;0.11;0.2;-2.436307228022657
0.19999999999998863;0.11;0.2;-2.4303419826567714
0.14999999999999147;0.11;0.2;-2.425713564176012
0.14999999999999147;0.11;0.2;-2.421019522390987
0.14999999999999147;0.11;0.2;-2.4162513123290426
0.09999999999999432;0.11;0.2;-2.4130391199594707
0.14999999999999147;0.11;0.2;-2.408179041196964
0.09999999999999432;0.11;0.2;-2.404919962277861
0.19999999999998863;0.11;0.2;-2.3983416623739426
0.14999999999999147;0.11;0.2;-2.3935826293832405
0.14999999999999147;0.11;0.2;-2.388826641701973
0.09999999999999432;0.11;0.2;-2.385673794657626
0.09999999999999432;0.11;0.2;-2.3825379690523096
0.14999999999999147;0.11;0.2;-2.3784048054109843
0.09999999999999432;0.11;0.2;-2.3756610058532055
0.09999999999999432;0.11;0.2;-2.3726292075160966
0.14999999999999147;0.0;0.0;-2.3734770423850686
0.14999999999999147;0.4707;-0.4707;-2.4089405436329843
0.09999999999999432;0.4495;-0.4495;-2.4334313976926927
0.14999999999999147;0.4348;-0.4348;-2.469724002694884
0.14999999999999147;0.413;-0.413;-2.5044878059335973
0.09999999999999432;0.3921;-0.3921;-2.5266427886352827
0.09999999999999432;0.3788;-0.3788;-2.5480092201028586
0.14999999999999147;0.366;-0.366;-2.5796748004301144
0.09999999999999432;0.347;-0.347;-2.6000327726644374
0.19999999999998863;0.3348;-0.3348;-2.6392877430957813
0.14999999999999147;0.3112;-0.3112;-2.6661803378252205
0.14999999999999147;0.2951;-0.2951;-2.692015224838188
0.14999999999999147;0.2796;-0.2796;-2.7162543703278828
0.09999999999999432;0.2651;-0.2651;-2.7318344641583594
0.09999999999999432;0.2557;-0.2557;-2.7467477118080534
0.14999999999999147;0.2468;-0.2468;-2.767922374478505
0.14999999999999147;0.2341;-0.2341;-2.7878706788664753
0.19999999999998863;0.2221;-0.2221;-2.812927634256615
0.19999999999998863;0.2071;-0.2071;-2.837070367592792
0.14999999999999147;0.2;-0.2;-2.8539554198295125
0.14999999999999147;0.2;-0.2;-2.870629558458393
0.09999999999999432;0.2;-0.2;-2.881745418662583
0.09999999999999432;0.2;-0.2;-2.892969703316785
0.14999999999999147;0.2;-0.2;-2.9098270458000695
0.09999999999999432;0.2;-0.2;-2.921081040742524
0.19999999999998863;0.2;-0.2;-2.9454318655230556
0.14999999999999147;0.2;-0.2;-2.96341496078763
0.09999999999999432;0.2;-0.2;-2.97557178465891
0.14999999999999147;0.2;-0.2;-2.9938090047756645
0.09999999999999432;0.2;-0.2;-3.0059101830767814
0.09999999999999432;0.2;-0.2;-3.0180922248915323
0.14999999999999147;0.2;-0.2;-3.0363622624575664
0.09999999999999432;0.2;-0.2;-3.048540933144243
0.19999999999998863;0.2;-0.2;-3.072892802712053
0.09999999999999432;0.2;-0.2;-3.085067353705141
0.09999999999999432;0.2;-0.2;-3.0972405055180916
0.19999999999998863;0.2;-0.2;-3.121572041493415
0.19999999999998863;0.2;-0.2;-3.1459003686224585
0.09999999999999432;0.2;-0.2;-3.1580627791109865
0.14999999999999147;0.0;0.0;-3.158056764715228
0.09999999999999432;1.5001;1.4999;-3.158002545354282
0.2499999999999858;1.5006;1.4994;-3.1556146741874103
0.14999999999999147;1.5245;1.4755;-3.153412823669689
0.09999999999999432;1.5465;1.4535;-3.153285809301861
0.19999999999998863;1.5478;1.4522;-3.1599502999053786
0.09999999999999432;1.4811;1.5189;-3.1591550549445833
0.09999999999999432;1.4891;1.5109;-3.1577321597343557
0.09999999999999432;1.5033;1.4967;-3.158066324323201
0.2499999999999858;1.5;1.5;-3.1593105824410697
0.09999999999999432;1.4875;1.5125;-3.159020904428692
0.09999999999999432;1.4904;1.5096;-3.1585974821813565
0.14999999999999147;1.4947;1.5053;-3.1571374514764012
0.14999999999999147;1.5093;1.4907;-3.15800532596384
0.19999999999998863;1.5006;1.4994;-3.1589655934765193
0.09999999999999432;1.491;1.509;-3.158614525609898
0.14999999999999147;1.4945;1.5055;-3.1577914738611503
0.19999999999998863;1.5027;1.4973;-3.1568904927487926
0.14999999999999147;1.5117;1.4883;-3.157150725539373
0.09999999999999432;1.5091;1.4909;-3.1575910309868176
0.09999999999999432;1.5047;1.4953;-3.1583140362266904
0.09999999999999432;1.4975;1.5025;-3.1588844923574313
0.14999999999999147;1.4918;1.5082;-3.158769090937452
0.09999999999999432;1.4929;1.5071;-3.1585375368196744
0.14999999999999147;1.4953;1.5047;-3.157947377293134
0.19999999999998863;1.5012;1.4988;-3.1566213539949683
0.09999999999999432;1.5144;1.4856;-3.157002201299747
0.09999999999999432;1.5106;1.4894;-3.1583361324459207
0.09999999999999432;1.4973;1.5027;-3.158215692488497
0.14999999999999147;1.4985;1.5015;-3.1575700882050226
0.10000000000000853;1.5049;1.4951;-3.157498441486212
0.1500000000000341;1.5056;1.4944;-3.1580273783813357
0.20000000000004547;1.5004;1.4996;-3.157271569259458
0.1500000000000341;1.5079;1.4921;-3.156911636486539
0.1500000000000341;1.5115;1.4885;-3.1572097440795184
0.10000000000002274;1.5085;1.4915;-3.157224597509001
0.1500000000000341;1.5084;1.4916;-3.157768443424414
0.10000000000002274;1.5029;1.4971;-3.1587417300549245
0.10000000000002274;1.4932;1.5068;-3.1579315252509415
0.1500000000000341;1.5013;1.4987;-3.1578925659464105
0.25000000000005684;1.5017;1.4983;-3.1600927227268367
0.10000000000002274;1.4797;1.5203;-3.158685902393715
0.1500000000000341;1.4938;1.5062;-3.1582814030126674
0.20000000000004547;1.4978;1.5022;-3.1596068724850292
0.1500000000000341;1.4846;1.5154;-3.1579281600659956
0.10000000000002274;1.4846;1.5154;-3.1568594938751127
0.1500000000000341;-0.4;-0.4;-3.1572358253076604
0.10000000000002274;-0.4;-0.4;-3.157319705001947
0.1500000000000341;-0.4;-0.4;-3.158504510325719
0.10000000000002274;-0.4;-0.4;-3.1592773906692626
0.1500000000000341;-0.4;-0.4;-3.1600954610339578
0.1500000000000341;-0.4;-0.4;-3.161268970495941
0.10000000000002274;-0.4;-0.4;-3.1620507466000327
0.10000000000002274;-0.4;-0.4;-3.1628169139161715
0.1500000000000341;-0.4;-0.4;-3.163948391300561
0.10000000000002274;-0.4;-0.4;-3.164682308212233
0.1500000000000341;-0.4;-0.4;-3.1650343758028203
0.10000000000002274;-0.4;-0.4;-3.164997763735576
0.10000000000002274;-0.4;-0.4;-3.1643845920866895
0.1500000000000341;-0.4;-0.4;-3.163443100189964
0.20000000000004547;-0.4;-0.4;-3.163240534249823
0.10000000000002274;-0.4;-0.4;-3.1627991663778867
0.10000000000002274;-0.4;-0.4;-3.1626252395491914
0.1500000000000341;-0.4;-0.4;-3.162827281472819
0.1500000000000341;-0.4;-0.4;-3.162078458747781
0.10000000000002274;-0.4;-0.4;-3.161689297275974
0.10000000000002274;-0.4;-0.4;-3.1612458543462476
0.1500000000000341;-0.4;-0.4;-3.1605783294176417
0.1500000000000341;-0.4;-0.4;-3.160130288450344
0.10000000000002274;-0.4;-0.4;-3.1597252084214156
0.10000000000002274;-0.4;-0.4;-3.1593400546813686
0.20000000000004547;-0.4;-0.4;-3.158151629597842
0.1500000000000341;-0.4;-0.4;-3.1573985144212062
0.1500000000000341;-0.4;-0.4;-3.156544491283705
0.10000000000002274;-0.4;-0.4;-3.1559998958350626
0.10000000000002274;-0.4;-0.4;-3.1553412826658698
0.10000000000002274;-0.4;-0.4;-3.154784209434121
0.10000000000002274;-0.4;-0.4;-3.1540981590013977
0.1500000000000341;-0.4;-0.4;-3.153103833817841
0.20000000000004547;-0.4;-0.4;-3.151561921883013
0.1500000000000341;-0.4;-0.4;-3.1506577958933732
0.1500000000000341;-0.4;-0.4;-3.1496533398029714
0.1500000000000341;-0.4;-0.4;-3.148841761049823
0.1500000000000341;-0.4;-0.4;-3.1477461687435175
0.1500000000000341;-0.4;-0.4;-3.1467559243615946
0.1500000000000341;-0.4;-0.4;-3.14557405565282
0.1500000000000341;-0.4;-0.4;-3.1444895714048853
0.1500000000000341;-0.4;-0.4;-3.1435901265786512
0.1500000000000341;-0.4;-0.4;-3.142580788203647
0.10000000000002274;-0.4;-0.4;-3.1422845727679167
0.1500000000000341;-0.4;-0.4;-3.1413633486492802
0.10000000000002274;-0.4;-0.4;-3.1411448496161514
0.1500000000000341;-0.4;-0.4;-3.141135632820405
0.20000000000004547;-0.4;-0.4;-3.1405306862607065
0.10000000000002274;-0.4;-0.4;-3.1400354904814516
0.10000000000002274;-0.4;-0.4;-3.139395770988168
0.1500000000000341;-0.4;-0.4;-3.1384159950832644
0.10000000000002274;-0.4;-0.4;-3.1377126607113985
0.10000000000002274;-0.4;-0.4;-3.137117499758916
0.05000000000001137;-0.4;-0.4;-3.136813017163653
0.20000000000004547;-0.4;-0.4;-3.13536159970513
0.1500000000000341;-0.4;-0.4;-3.134582263769614
0.10000000000002274;-0.4;-0.4;-3.1340151909699343
0.1500000000000341;0.8;-0.2;-3.141970951326063
0.1500000000000341;0.8;-0.2;-3.180696351632939
0.10000000000002274;0.8;-0.2;-3.209801422089074
0.1500000000000341;0.8;-0.2;-3.253185268315515
0.20000000000004547;0.8;-0.2;-3.3085261213124157
0.20000000000004547;0.8;-0.2;-3.3640049198788433
0.10000000000002274;0.8;-0.2;-3.3930197143981946
0.10000000000002274;0.8;-0.2;-3.4217943912682935
0.1500000000000341;0.8;-0.2;-3.4650551867470702
0.10000000000002274;0.8;-0.2;-3.494078901316263
0.1500000000000341;0.8;-0.2;-3.538101033160068
0.10000000000002274;0.8;-0.2;-3.568835929923918
0.1500000000000341;0.8;-0.2;-3.614989781294572
0.20000000000004547;0.8;-0.2;-3.6764945827374507
0.10000000000002274;0.8;-0.2;-3.707715243226325
0.1500000000000341;0.8;-0.2;-3.7545152616942037
0.10000000000002274;0.8;-0.2;-3.7858195863637305
0.10000000000002274;0.8;-0.2;-3.817060263406328
0.1500000000000341;0.8;-0.2;-3.863809366139806
0.10000000000002274;0.8;-0.2;-3.8947518903061638
0.20000000000004547;0.8;-0.2;-3.9563860918028455
0.1500000000000341;0.8;-0.2;-4.002347245216856
0.1500000000000341;0.8;-0.2;-4.048092348717179
0.1500000000000341;0.8;-0.2;-4.0936658025909445
0.10000000000002274;0.8;-0.2;-4.124094954982719
0.1500000000000341;0.8;-0.2;-4.168329709201381
0.1500000000000341;0.8;-0.2;-4.212977322810919
0.10000000000002274;0.8;-0.2;-4.2422841751311555
0.20000000000004547;0.8;-0.2;-4.301469316214414
0.10000000000002274;0.8;-0.2;-4.331130048788894
0.1500000000000341;0.8;-0.2;-4.375813754321218
0.1500000000000341;0.8;-0.2;-4.421154849944505
0.10000000000002274;0.8;-0.2;-4.4518644373737075
0.10000000000002274;0.8;-0.2;-4.481403545541504
0.10000000000002274;0.8;-0.2;-4.511251263560677
0.10000000000002274;0.8;-0.2;-4.541501576645631
0.20000000000004547;0.8;-0.2;-4.601024670767335
0.1500000000000341;0.8;-0.2;-4.645734235549494
0.1500000000000341;0.8;-0.2;-4.690438925425244
0.10000000000002274;0.8;-0.2;-4.720644918197809
0.1500000000000341;0.8;-0.2;-4.766841338793744
0.10000000000002274;0.8;-0.2;-4.796670905871511
0.10000000000002274;0.8;-0.2;-4.827595269365705
0.1500000000000341;0.8;-0.2;-4.873615297934396
0.10000000000002274;0.8;-0.2;-4.9040149665233725
0.10000000000002274;0.8;-0.2;-4.934052246623168
0.10000000000002274;0.8;-0.2;-4.964170774448144
0.1500000000000341;0.8;-0.2;-5.009197210695865
0.1500000000000341;0.7742;-0.1935;-5.052266671842495
0.10000000000002274;0.7484;-0.1871;-5.08019971742215
0.1500000000000341;0.7316;-0.1829;-5.121711831637799
0.1500000000000341;0.7067;-0.1767;-5.161532811557604
0.20000000000004547;0.6828;-0.1707;-5.212715376953337
0.1500000000000341;0.6521;-0.163;-5.249647617332341
0.10000000000002274;0.6299;-0.1575;-5.273207882578498
0.10000000000002274;0.6158;-0.1539;-5.296383509027995
0.1500000000000341;0.6019;-0.1505;-5.330494296809808
0.10000000000002274;0.5814;-0.1454;-5.352501360368006
0.20000000000004547;0.5682;-0.1421;-5.3960517456062504
0.20000000000004547;0.5421;-0.1355;-5.438698951951075
0.10000000000002274;0.5165;-0.1291;-5.458745793767332
0.1500000000000341;0.5045;-0.1261;-5.487949051151047
0.10000000000002274;0.4869;-0.1217;-5.506820843234411
0.1500000000000341;0.4756;-0.1189;-5.534621721652869
0.10000000000002274;0.4589;-0.1147;-5.5524034082961204
0.1500000000000341;0.4483;-0.1121;-5.5786210824219795
0.20000000000004547;0.4325;-0.1081;-5.612417818353524
0.1500000000000341;0.4123;-0.1031;-5.636741842621663
0.1500000000000341;0.3977;-0.0994;-5.660199276157179
0.10000000000002274;0.3836;-0.0959;-5.675244984730048
0.1500000000000341;0.3746;-0.0936;-5.697107516905486
0.10000000000002274;0.3614;-0.0904;-5.711026385616894
0.10000000000002274;0.3531;-0.0883;-5.724573574839779
0.10000000000002274;0.345;-0.0862;-5.737675137459431
0.1500000000000341;0.3371;-0.0843;-5.7566537250269825
0.1500000000000341;0.3257;-0.0814;-5.7750707531410335
0.10000000000002274;0.3147;-0.0787;-5.786978033321594
0.10000000000002274;0.3075;-0.0769;-5.798597626473237
0.1500000000000341;0.3006;-0.0751;-5.8157553555931765
0.1500000000000341;0.2903;-0.0726;-5.8323088709425726
0.10000000000002274;0.2803;-0.0701;-5.842984269850832
0.1500000000000341;0.2739;-0.0685;-5.8582123363282435
0.1500000000000341;0.2648;-0.0662;-5.873071436690735
0.10000000000002274;0.2559;-0.064;-5.882402163682832
0.1500000000000341;0.2503;-0.0626;-5.895925338218382
0.10000000000002274;0.2422;-0.0605;-5.904935775054968
0.10000000000002274;0.2368;-0.0592;-5.913736552733744
0.10000000000002274;0.2315;-0.0579;-5.922384978929647
0.10000000000002274;0.2263;-0.0566;-5.930955601225284
0.1500000000000341;0.2211;-0.0553;-5.9433559776938445
0.20000000000004547;0.2137;-0.0534;-5.959210090420139
0.10000000000002274;0.2042;-0.051;-5.966981705063848
0.10000000000002274;0.2;-0.05;-5.974691256345327
0.10000000000002274;0.2;-0.05;-5.982262988093178
0.10000000000002274;0.2;-0.05;-5.989848678213442
0.10000000000002274;0.2;-0.05;-5.9972804864773
0.10000000000002274;0.2;-0.05;-6.004876363655721
0.1500000000000341;0.2;-0.05;-6.016453388872799
0.1500000000000341;0.2;-0.05;-6.028564405760207
0.1500000000000341;0.2;-0.05;-6.040051600449172
0.10000000000002274;0.2;-0.05;-6.047893418250911
0.1500000000000341;0.2;-0.05;-6.059539372661707
0.10000000000002274;0.2;-0.05;-6.066654550541316
0.10000000000002274;0.2;-0.05;-6.073735919827711
0.1500000000000341;0.2;-0.05;-6.083968975470033
0.10000000000002274;0.2;-0.05;-6.090743960508939
0.1500000000000341;0.2;-0.05;-6.100689191143265
0.10000000000002274;0.2;-0.05;-6.107303442788081
0.1500000000000341;0.2;-0.05;-6.117212316835982
0.10000000000002274;0.2;-0.05;-6.1238179338660865
0.10000000000002274;0.2;-0.05;-6.130429217703485
0.1500000000000341;0.2;-0.05;-6.140337656123862
0.10000000000002274;0.2;-0.05;-6.147369863344602
0.10000000000002274;0.2;-0.05;-6.154446013565284
0.10000000000002274;0.2;-0.05;-6.1622805312396
0.20000000000004547;0.2;-0.05;-6.177316135738173
0.10000000000002274;0.2;-0.05;-6.1847136634849935
0.1500000000000341;0.2;-0.05;-6.195651658035359
0.25000000000005684;0.2;-0.05;-6.2143676767178215
0.10000000000002274;0.2;-0.05;-6.221814698485832
0.1500000000000341;0.2;-0.05;-6.232854796598491
0.1500000000000341;0.2;-0.05;-6.243946809703094
0.10000000000002274;0.2;-0.05;-6.25112886640975
0.25000000000005684;0.2;-0.05;-6.2690310897264165
0.10000000000002274;0.2;-0.05;-6.276482660514277
0.10000000000002274;0.2;-0.05;-6.283794992833511
0.10000000000002274;0.2;-0.05;-6.291745537367875
0.10000000000002274;0.2;-0.05;-6.299111342968836
0.1500000000000341;0.0;0.0;-6.2989371152796485
0.1500000000000341;1.5058;1.4942;-6.302942062225366
0.10000000000002274;1.4658;1.5342;-6.312950829193553
0.20000000000004547;1.3657;1.6343;-6.293056207597845
0.1500000000000341;1.5646;1.4354;-6.289355573114708
0.10000000000002274;1.6017;1.3983;-6.29557125237915
0.10000000000002274;1.5395;1.4605;-6.298235241399227
0.10000000000002274;1.5129;1.4871;-6.299454715119548
0.1500000000000341;1.5007;1.4993;-6.298994771095223
0.10000000000002274;1.5053;1.4947;-6.2985799742356186
0.10000000000002274;1.5094;1.4906;-6.298504930476836
0.25000000000005684;1.5102;1.4898;-6.298340725226162
0.10000000000002274;1.5118;1.4882;-6.298508978808699
0.10000000000002274;1.5101;1.4899;-6.298680449676687
0.1500000000000341;1.5084;1.4916;-6.299061665106633
0.10000000000002274;1.5046;1.4954;-6.299274871115592
0.1500000000000341;1.5025;1.4975;-6.299607988229864
0.10000000000002274;1.4991;1.5009;-6.300269672109135
0.10000000000002274;1.4925;1.5075;-6.30047264581973
0.20000000000004547;1.4905;1.5095;-6.300901641812518
0.10000000000002274;1.4862;1.5138;-6.30033539795051
0.10000000000002274;1.4919;1.5081;-6.2994694769433295
0.1500000000000341;1.5005;1.4995;-6.299722202314054
0.1500000000000341;1.498;1.502;-6.30004575398902
0.1500000000000341;1.4948;1.5052;-6.3007877154801895
0.1500000000000341;1.4873;1.5127;-6.300350015232013
0.25000000000005684;1.4917;1.5083;-6.298076349908075
0.1500000000000341;1.5144;1.4856;-6.299482120743346
0.10000000000002274;1.5004;1.4996;-6.299672365183935
0.1500000000000341;1.4985;1.5015;-6.299866358089769
0.1500000000000341;1.4965;1.5035;-6.29973259308666
0.20000000000004547;1.4979;1.5021;-6.300538270597757
0.10000000000002274;1.4898;1.5102;-6.300670192391167
0.20000000000004547;1.4885;1.5115;-6.298477994322322
0.20000000000004547;1.5104;1.4896;-6.299725981508874
0.1500000000000341;1.4979;1.5021;-6.300608337360287
0.10000000000002274;1.4891;1.5109;-6.300259887674932
0.20000000000004547;1.4926;1.5074;-6.2979444499525705
0.10000000000002274;1.5158;1.4842;-6.299153720227089
0.1500000000000341;1.5037;1.4963;-6.299676174207411
0.1500000000000341;1.4984;1.5016;-6.3001574606222315
0.25000000000005684;1.4936;1.5064;-6.301103074207536
0.10000000000002274;1.4842;1.5158;-6.300177268872787
0.10000000000002274;1.4934;1.5066;-6.2989617154585735
0.1500000000000341;1.5056;1.4944;-6.2994152073241025
0.10000000000002274;1.5011;1.4989;-6.2999966084302965
0.1500000000000341;1.4952;1.5048;-6.300558681990117
0.10000000000002274;1.4896;1.5104;-6.3004302253958295
0.10000000000002274;1.4909;1.5091;-6.300240810121549
0.25000000000005684;1.4928;1.5072;-6.2974376149363005
0.1500000000000341;1.5208;1.4792;-6.29951319972975
0.10000000000002274;1.5001;1.4999;-6.299589393250028
0.10000000000002274;1.4993;1.5007;-6.299291689967143
0.1500000000000341;1.5023;1.4977;-6.298373662321292
0.20000000000004547;1.5115;1.4885;-6.2993657134982595
0.10000000000002274;1.5016;1.4984;-6.2999837409193
0.1500000000000341;1.4954;1.5046;-6.299491129577257
0.1500000000000341;1.5003;1.4997;-6.299586347962282
0.10000000000002274;1.4993;1.5007;-6.300337506329378
0.1500000000000341;1.4918;1.5082;-6.300821989091606
0.1500000000000341;1.487;1.513;-6.300146853668392
0.10000000000002274;1.4937;1.5063;-6.299063221262807
0.10000000000002274;1.5046;1.4954;-6.299122467532401
0.10000000000002274;1.504;1.496;-6.2996557786488
0.1500000000000341;1.4987;1.5013;-6.300707897586172
0.25000000000005684;1.4881;1.5119;-6.29823256528668
0.10000000000002274;1.5129;1.4871;-6.299457650847267
0.10000000000002274;1.5006;1.4994;-6.299756895499468
0.1500000000000341;1.4976;1.5024;-6.300751056727738
0.10000000000002274;1.4877;1.5123;-6.300194839664696
0.10000000000002274;1.4933;1.5067;-6.300338542689878
0.10000000000002274;1.4918;1.5082;-6.3006940686490065
0.10000000000002274;1.4883;1.5117;-6.300830205942433
0.1500000000000341;1.4869;1.5131;-6.300867470377391
0.1500000000000341;1.4865;1.5135;-6.300914447728331
0.10000000000002274;1.4861;1.5139;-6.300900021004194
0.10000000000002274;1.4862;1.5138;-6.300897400292271
0.10000000000002274;1.4862;1.5138;-6.300894911318331
0.10000000000002274;1.4863;1.5137;-6.300903962200945
0.1500000000000341;1.4862;1.5138;-6.300865829404477
0.10000000000002274;1.4865;1.5135;-6.300864244817784
0.10000000000002274;1.4866;1.5134;-6.30086061194422
0.1500000000000341;1.4866;1.5134;-6.300903622682007
0.1500000000000341;1.4862;1.5138;-6.30086553704833
0.1500000000000341;1.4866;1.5134;-6.300891682607255
0.10000000000002274;1.4863;1.5137;-6.300903707452117
0.10000000000002274;1.4862;1.5138;-6.30091147893392
0.10000000000002274;1.4861;1.5139;-6.300899964281233
0.10000000000002274;1.4862;1.5138;-6.300905083747499
0.1500000000000341;1.4862;1.5138;-6.3008525305305945
0.3000000000000682;1.4867;1.5133;-6.300911897393791
0.10000000000002274;1.4861;1.5139;-6.300887988254553
0.1500000000000341;1.4863;1.5137;-6.300892586858116
0.20000000000004547;1.4863;1.5137;-6.300909012930431
0.10000000000002274;1.4861;1.5139;-6.300898652791547
0.1500000000000341;1.4862;1.5138;-6.30089995211356
0.10000000000002274;1.4862;1.5138;-6.30086469821523
0.10000000000002274;1.4866;1.5134;-6.300849389571219
0.25000000000005684;1.4867;1.5133;-6.300871287139777
0.10000000000002274;1.4865;1.5135;-6.300898205954058
0.1500000000000341;1.4862;1.5138;-6.300851708727982
0.10000000000002274;1.4867;1.5133;-6.300836317268971
0.1500000000000341;1.4868;1.5132;-6.300874131535521
0.10000000000002274;1.4865;1.5135;-6.3008969081359245
0.10000000000002274;1.4862;1.5138;-6.300907670958186
0.10000000000002274;1.4861;1.5139;-6.30089632784136
0.20000000000004547;1.4862;1.5138;-6.3008287786164505
0.1500000000000341;1.4869;1.5131;-6.300865401709072
0.1500000000000341;1.4866;1.5134;-6.30089786796343
0.1500000000000341;1.4862;1.5138;-6.3008881654219575
0.10000000000002274;1.4863;1.5137;-6.300869260754064
0.10000000000002274;1.4865;1.5135;-6.300853644554285
0.10000000000002274;1.4867;1.5133;-6.300843628737397
0.10000000000002274;1.4868;1.5132;-6.300869143100993
0.10000000000002274;1.4865;1.5135;-6.300873914551303
0.1500000000000341;1.4865;1.5135;-6.300897314291251
0.10000000000002274;1.4862;1.5138;-6.300890559544731
0.10000000000002274;1.4863;1.5137;-6.300898736616579
0.1500000000000341;1.4862;1.5138;-6.300873492840802
0.10000000000002274;1.4865;1.5135;-6.300850331641787
0.10000000000002274;1.4867;1.5133;-6.300856928884457
0.1500000000000341;1.4866;1.5134;-6.300912369438056
0.10000000000002274;1.4861;1.5139;-6.300897316820112
0.1500000000000341;1.4862;1.5138;-6.300842327916756
0.1500000000000341;1.4868;1.5132;-6.300902741369589
0.10000000000002274;1.4862;1.5138;-6.30088299799272
0.10000000000002274;1.4862;1.5138;-6.298805863303543
0.10000000000002274;-0.4;-0.4;-6.299161593490806
0.10000000000002274;-0.4;-0.4;-6.299072775033786
0.10000000000002274;-0.4;-0.4;-6.29875247005172
0.1500000000000341;-0.4;-0.4;-6.297893646227111
0.10000000000002274;-0.4;-0.4;-6.2977512142028695
0.20000000000004547;-0.4;-0.4;-6.29935104311264
0.10000000000002274;-0.4;-0.4;-6.300155127576337
0.10000000000002274;-0.4;-0.4;-6.3009590464173435
0.10000000000002274;-0.4;-0.4;-6.301758610310994
0.1500000000000341;-0.4;-0.4;-6.302939692613151
0.10000000000002274;-0.4;-0.4;-6.3037516003655325
0.1500000000000341;-0.4;-0.4;-6.304797199187355
0.10000000000002274;-0.4;-0.4;-6.305307755258797
0.1500000000000341;-0.4;-0.4;-6.305776392032903
0.1500000000000341;-0.4;-0.4;-6.305783145622166
0.10000000000002274;-0.4;-0.4;-6.305877927818808
0.10000000000002274;-0.4;-0.4;-6.305900220635636
0.10000000000002274;-0.4;-0.4;-6.305301070593245
0.1500000000000341;-0.4;-0.4;-6.304156059548078
0.10000000000002274;-0.4;-0.4;-6.303631073499211
0.10000000000002274;-0.4;-0.4;-6.302913320358928
0.10000000000002274;-0.4;-0.4;-6.302448186540434
0.20000000000004547;-0.4;-0.4;-6.301170804922575
0.10000000000002274;-0.4;-0.4;-6.300497453811674
0.10000000000002274;-0.4;-0.4;-6.30002475396559
0.1500000000000341;-0.4;-0.4;-6.299413653021839
0.10000000000002274;-0.4;-0.4;-6.2989918709995365
0.10000000000002274;-0.4;-0.4;-6.298566303142051
0.10000000000002274;-0.4;-0.4;-6.298300511893292
0.10000000000002274;-0.4;-0.4;-6.297822926163053
0.1500000000000341;-0.4;-0.4;-6.29723969965328
0.1500000000000341;-0.4;-0.4;-6.2966137383937495
0.1500000000000341;-0.4;-0.4;-6.295757797084328
0.10000000000002274;-0.4;-0.4;-6.295155135190842
0.1500000000000341;-0.4;-0.4;-6.294161526303752
0.1500000000000341;-0.4;-0.4;-6.293119173845918
0.10000000000002274;-0.4;-0.4;-6.292407359986277
0.1500000000000341;-0.4;-0.4;-6.291505354332379
0.25000000000005684;-0.4;-0.4;-6.289603710785038
0.10000000000002274;-0.4;-0.4;-6.288848186219188
0.10000000000002274;-0.4;-0.4;-6.28817522577344
0.10000000000002274;-0.4;-0.4;-6.287494596075728
0.10000000000002274;-0.4;-0.4;-6.2868698057177514
0.10000000000002274;-0.4;-0.4;-6.286057412680755
0.10000000000002274;-0.4;-0.4;-6.285386717498163
0.10000000000002274;-0.4;-0.4;-6.284773545670523
0.10000000000002274;-0.4;-0.4;-6.284036831597673
0.1500000000000341;-0.4;-0.4;-6.284179795346346
0.1500000000000341;-0.4;-0.4;-6.284380824663412
0.10000000000002274;-0.4;-0.4;-6.284511961032687
0.10000000000002274;-0.4;-0.4;-6.284641342797139
0.10000000000002274;-0.4;-0.4;-6.284705271226195
0.10000000000002274;-0.4;-0.4;-6.284733326639246
0.10000000000002274;-0.4;-0.4;-6.284760779547835
0.1500000000000341;-0.4;-0.4;-6.28480271403539
0.1500000000000341;-0.4;-0.4;-6.284845623949294
0.1500000000000341;-0.4;-0.4;-6.284889106097184
0.10000000000002274;-0.4;-0.4;-6.28491837986161
0.1500000000000341;-0.4;-0.4;-6.284962562683127
0.10000000000002274;-0.4;-0.4;-6.284991762499759
0.1500000000000341;-0.4;-0.4;-6.285036751702967
0.10000000000002274;-0.4;-0.4;-6.285066591805761
0.1500000000000341;-0.4;-0.4;-6.285111149768941
0.1500000000000341;-0.2;0.8;-6.263903491054407
0.1500000000000341;-0.2;0.8;-6.220513329023595
0.10000000000002274;-0.2;0.8;-6.190439083427946
0.10000000000002274;-0.2;0.8;-6.161184469920287
0.1500000000000341;-0.2;0.8;-6.1164219208446164
0.1500000000000341;-0.2;0.8;-6.070974002232338
0.10000000000002274;-0.2;0.8;-6.041075480395472
0.10000000000002274;-0.2;0.8;-6.011380956866809
0.1500000000000341;-0.2;0.8;-5.9668734571147475
0.1500000000000341;-0.2;0.8;-5.923232415174469
0.1500000000000341;-0.2;0.8;-5.879750231191568
0.1500000000000341;-0.2;0.8;-5.836843269390319
0.1500000000000341;-0.2;0.8;-5.794854140323237
0.1500000000000341;-0.2;0.8;-5.752585835637741
0.10000000000002274;-0.2;0.8;-5.7249735506879045
0.10000000000002274;-0.2;0.8;-5.697143980210113
0.1500000000000341;-0.2;0.8;-5.655539449372668
0.20000000000004547;-0.2;0.8;-5.5966014650955795
0.1500000000000341;-0.2;0.8;-5.5520898056650125
0.10000000000002274;-0.2;0.8;-5.522324043970753
0.10000000000002274;-0.2;0.8;-5.49219290622408
0.10000000000002274;-0.2;0.8;-5.462312970672183
0.1500000000000341;-0.2;0.8;-5.41617091735113
0.10000000000002274;-0.2;0.8;-5.38464250525022
0.1500000000000341;-0.2;0.8;-5.337329874994582
0.1500000000000341;-0.2;0.8;-5.291095181224723
0.10000000000002274;-0.2;0.8;-5.260626561919922
0.1500000000000341;-0.2;0.8;-5.216615440007534
0.1500000000000341;-0.2;0.8;-5.17146644771559
0.20000000000004547;-0.2;0.8;-5.111188243579265
0.10000000000002274;-0.2;0.8;-5.081900708726987
0.1500000000000341;-0.2;0.8;-5.037725803800991
0.1500000000000341;-0.2;0.8;-4.993367403729829
0.20000000000004547;-0.2;0.8;-4.932571537855829
0.1500000000000341;-0.2;0.8;-4.886167020503036
0.1500000000000341;-0.2;0.8;-4.841763894939896
0.20000000000004547;-0.2;0.8;-4.782063523698331
0.10000000000002274;-0.2;0.8;-4.751804972124523
0.1500000000000341;-0.2;0.8;-4.7067285839773305
0.20000000000004547;-0.2;0.8;-4.646236319299981
0.1500000000000341;-0.2;0.8;-4.601832985012536
0.1500000000000341;-0.2;0.8;-4.556700018470237
0.10000000000002274;-0.2;0.8;-4.526886627660053
0.05000000000001137;-0.2;0.8;-4.511658166559231
0.1500000000000341;-0.2;0.8;-4.465172125002166
0.1500000000000341;-0.1959;0.7835;-4.421343620748068
0.10000000000002274;-0.1893;0.7572;-4.393311995685437
0.10000000000002274;-0.1851;0.7404;-4.365738821236239
0.20000000000004547;-0.181;0.7239;-4.3123367788248155
0.1500000000000341;-0.173;0.6918;-4.273730274560864
0.10000000000002274;-0.1672;0.6687;-4.248631708558126
0.1500000000000341;-0.1634;0.6536;-4.211958409526366
0.10000000000002274;-0.1579;0.6316;-4.188220272234912
0.1500000000000341;-0.1543;0.6174;-4.1541411175271135
0.1500000000000341;-0.1492;0.5969;-4.121220589881733
0.20000000000004547;-0.1443;0.5772;-4.077590247141898
0.1500000000000341;-0.1377;0.551;-4.047212059411501
0.10000000000002274;-0.1332;0.5328;-4.027458374106266
0.1500000000000341;-0.1302;0.5209;-3.9983447851409744
0.10000000000002274;-0.1259;0.5034;-3.9795804692318044
0.1500000000000341;-0.123;0.4922;-3.9519979596713655
0.10000000000002274;-0.1189;0.4756;-3.9342148979930447
0.10000000000002274;-0.1162;0.465;-3.9168195403993495
0.10000000000002274;-0.1136;0.4545;-3.899667404875071
0.20000000000004547;-0.1111;0.4442;-3.8661975928672634
0.1500000000000341;-0.106;0.4241;-3.8423563154074327
0.1500000000000341;-0.1025;0.4098;-3.819359661286853
0.1500000000000341;-0.099;0.396;-3.7971689799446358
0.1500000000000341;-0.0957;0.3827;-3.7754004945563695
0.1500000000000341;-0.0924;0.3697;-3.7546744703563353
0.10000000000002274;-0.0893;0.3572;-3.7411442365212344
0.10000000000002274;-0.0873;0.3491;-3.7280398225608753
0.20000000000004547;-0.0853;0.3412;-3.7027356671058844
0.10000000000002274;-0.0815;0.3261;-3.6906253309517334
0.1500000000000341;-0.0797;0.3188;-3.672370587204996
0.1500000000000341;-0.077;0.3078;-3.654593227612291
0.10000000000002274;-0.0743;0.2972;-3.6436882404526716
0.1500000000000341;-0.0727;0.2906;-3.6270960738519116
0.10000000000002274;-0.0702;0.2807;-3.6164987520027623
0.10000000000002274;-0.0686;0.2743;-3.6060612033071027
0.25000000000005684;-0.067;0.2681;-3.5806433666824806
0.10000000000002274;-0.0632;0.2528;-3.571015745442509
0.20000000000004547;-0.0618;0.247;-3.552188948799708
0.10000000000002274;-0.0589;0.2357;-3.5433050394338257
0.20000000000004547;-0.0576;0.2304;-3.5259069489776955
0.1500000000000341;-0.055;0.22;-3.5134547035781853
0.1500000000000341;-0.0531;0.2125;-3.5013170786969754
0.25000000000005684;-0.0513;0.2052;-3.4821580533946523
0.10000000000002274;-0.05;0.2;-3.4745441372434125
0.1500000000000341;-0.05;0.2;-3.4631154649675917
0.1500000000000341;-0.05;0.2;-3.451686488666445
0.1500000000000341;-0.05;0.2;-3.4402572263180526
0.1500000000000341;-0.05;0.2;-3.428827636385874
0.1500000000000341;-0.05;0.2;-3.4173976872678513
0.1500000000000341;-0.05;0.2;-3.4060251780237087
0.20000000000004547;-0.05;0.2;-3.3909310803225927
0.10000000000002274;-0.05;0.2;-3.383394363905851
0.1500000000000341;-0.05;0.2;-3.372089268236883
0.20000000000004547;-0.05;0.2;-3.35701541852166
0.10000000000002274;-0.05;0.2;-3.3494784005734792
0.1500000000000341;-0.05;0.2;-3.3383107709581727
0.10000000000002274;-0.05;0.2;-3.3307370879015448
0.25000000000005684;-0.05;0.2;-3.311743180010031
0.10000000000002274;-0.05;0.2;-3.304145515642967
0.20000000000004547;-0.05;0.2;-3.2889101690322833
0.10000000000002274;-0.05;0.2;-3.2813081983199552
0.1500000000000341;-0.05;0.2;-3.269814838807568
0.1500000000000341;-0.05;0.2;-3.2585804067105317
0.1500000000000341;-0.05;0.2;-3.2476256196576236
0.1500000000000341;-0.05;0.2;-3.236709241212801
0.1500000000000341;-0.05;0.2;-3.2260348299590444
0.10000000000002274;-0.05;0.2;-3.2179763137333146
0.1500000000000341;-0.05;0.2;-3.2070198098777314
0.1500000000000341;-0.05;0.2;-3.196051770716464
0.1500000000000341;-0.05;0.2;-3.184713644386277
0.10000000000002274;-0.05;0.2;-3.177375934269222
0.10000000000002274;-0.05;0.2;-3.1699843274425294
0.20000000000004547;-0.05;0.2;-3.1548709900294365
0.10000000000002274;0.0;0.0;-3.154874044082713
0.10000000000002274;1.5442;1.4558;-3.1487510379325068
0.1500000000000341;1.6054;1.3946;-3.139339273428295
0.1500000000000341;1.6995;1.3005;-3.158783891422114
0.1500000000000341;1.5051;1.4949;-3.16575362715325
0.10000000000002274;1.4354;1.5646;-3.1621936101886914
0.1500000000000341;1.471;1.529;-3.158468949540542
0.25000000000005684;1.5082;1.4918;-3.1602338586519303
0.10000000000002274;1.4906;1.5094;-3.159775228491082
0.1500000000000341;1.4952;1.5048;-3.1585043152898407
0.10000000000002274;1.5079;1.4921;-3.158794864774991
0.1500000000000341;1.505;1.495;-3.1597692529826746
0.1500000000000341;1.4952;1.5048;-3.1593555743549833
0.10000000000002274;1.4993;1.5007;-3.158704527709058
0.10000000000002274;1.5059;1.4941;-3.1584463022175795
0.20000000000004547;1.5084;1.4916;-3.158685015469151
0.1500000000000341;1.5061;1.4939;-3.158114009697017
0.20000000000004547;1.5118;1.4882;-3.158570599856591
0.10000000000002274;1.5072;1.4928;-3.1591871625474193
0.10000000000002274;1.501;1.499;-3.1598774936123917
0.10000000000002274;1.4941;1.5059;-3.1600011195738524
0.1500000000000341;1.4929;1.5071;-3.1595855562917623
0.1500000000000341;1.497;1.503;-3.158661077089667
0.1500000000000341;1.5063;1.4937;-3.1587063282219643
0.10000000000002274;1.5058;1.4942;-3.158426204337574
0.1500000000000341;1.5086;1.4914;-3.1582106589389123
0.1500000000000341;1.5108;1.4892;-3.1581645478750247
0.10000000000002274;1.5113;1.4887;-3.158376533956797
0.1500000000000341;1.5091;1.4909;-3.158498119978769
0.1500000000000341;1.5079;1.4921;-3.15831120247975
0.1500000000000341;1.5098;1.4902;-3.158294525957306
0.1500000000000341;1.51;1.49;-3.158595337589008
0.10000000000002274;1.507;1.493;-3.1586556674115136
0.1500000000000341;1.5063;1.4937;-3.1583246538612935
0.1500000000000341;1.5097;1.4903;-3.1583152961037704
0.10000000000002274;1.5098;1.4902;-3.159327335847391
0.10000000000002274;1.4996;1.5004;-3.1592278257184674
0.1500000000000341;1.5006;1.4994;-3.1597047451036087
0.20000000000004547;1.4959;1.5041;-3.1608288600445187
0.1500000000000341;1.4846;1.5154;-3.1599309082560705
0.1500000000000341;1.4936;1.5064;-3.1585695832539233
0.1500000000000341;1.5072;1.4928;-3.159553123040435
0.10000000000002274;1.4974;1.5026;-3.1596982892314394
0.1500000000000341;1.4959;1.5041;-3.1599836490074904
0.1500000000000341;1.4931;1.5069;-3.1603859579991416
0.1500000000000341;1.489;1.511;-3.1605148450274654
0.20000000000004547;1.4878;1.5122;-3.159003591892482
0.20000000000004547;1.5029;1.4971;-3.1602076940951127
0.1500000000000341;1.4908;1.5092;-3.1594505596187537
0.1500000000000341;1.4984;1.5016;-3.160150878260738
0.25000000000005684;1.4914;1.5086;-3.1609583413505886
0.10000000000002274;1.4833;1.5167;-3.159666292762957
0.10000000000002274;1.4962;1.5038;-3.159199881513798
0.1500000000000341;1.5009;1.4991;-3.1589063155570827
0.1500000000000341;1.5038;1.4962;-3.1588744154197617
0.1500000000000341;1.5042;1.4958;-3.158709000774392
0.10000000000002274;1.5058;1.4942;-3.158588231282645
0.1500000000000341;1.507;1.493;-3.1584395629141317
0.1500000000000341;1.5085;1.4915;-3.158338711587461
0.10000000000002274;1.5095;1.4905;-3.158317471386836
0.1500000000000341;1.5097;1.4903;-3.158370923790538
0.10000000000002274;1.5092;1.4908;-3.1583132782316636
0.1500000000000341;1.5098;1.4902;-3.1586419584455814
0.20000000000004547;1.5065;1.4935;-3.158287482005142
0.10000000000002274;1.51;1.49;-3.15825141155627
0.10000000000002274;1.5104;1.4896;-3.158267892856788
0.10000000000002274;1.5102;1.4898;-3.1582274132900854
0.1500000000000341;1.5106;1.4894;-3.1581203741713675
0.1500000000000341;1.5117;1.4883;-3.158004435703401
0.20000000000004547;1.5129;1.4871;-3.1580338844332405
0.1500000000000341;1.5126;1.4874;-3.158084331591426
0.20000000000004547;1.5121;1.4879;-3.1584476379327056
0.1500000000000341;1.5084;1.4916;-3.1592880850559384
0.10000000000002274;1.5;1.5;-3.1599140124958565
0.20000000000004547;1.4938;1.5062;-3.160176633660142
0.1500000000000341;1.4911;1.5089;-3.159482963267968
0.20000000000004547;1.4981;1.5019;-3.1577067726905916
0.10000000000002274;1.5158;1.4842;-3.158739095368734
0.20000000000004547;1.5055;1.4945;-3.160801569438689
0.1500000000000341;1.4849;1.5151;-3.159913511746313
0.10000000000002274;1.4938;1.5062;-3.158856337671376
0.1500000000000341;1.5043;1.4957;-3.1592250925034238
0.10000000000002274;1.5007;1.4993;-3.15956738989925
0.10000000000002274;1.4972;1.5028;-3.1598442979624557
0.10000000000002274;1.4945;1.5055;-3.1602556392802654
0.10000000000002274;1.4903;1.5097;-3.1604193773647116
0.20000000000004547;1.4887;1.5113;-3.160152805904311
0.10000000000002274;1.4914;1.5086;-3.16007002601067
0.10000000000002274;1.4922;1.5078;-3.160070409183695
0.10000000000002274;1.4922;1.5078;-3.160181963472689
0.10000000000002274;1.4911;1.5089;-3.1603597533507184
0.1500000000000341;1.4893;1.5107;-3.160477553816343
0.1500000000000341;1.4881;1.5119;-3.1605387155741114
0.1500000000000341;1.4875;1.5125;-3.160600069085962
0.1500000000000341;1.4869;1.5131;-3.1606343292378036
0.1500000000000341;1.4866;1.5134;-3.1606102708063535
0.1500000000000341;1.4868;1.5132;-3.160296509248942
0.1500000000000341;1.4899;1.5101;-3.1592823502921434
0.10000000000002274;1.5001;1.4999;-3.159416568604548
0.10000000000002274;1.4987;1.5013;-3.1599605063147505
0.10000000000002274;1.4933;1.5067;-3.160122017206396
0.10000000000002274;1.4917;1.5083;-3.1598926779543413
0.20000000000004547;1.494;1.506;-3.160802721279945
0.1500000000000341;1.4849;1.5151;-3.1595599671886676
0.10000000000002274;1.4973;1.5027;-3.159272277768901
0.10000000000002274;1.5002;1.4998;-3.159068487680704
0.10000000000002274;1.5022;1.4978;-3.15893485798267
0.10000000000002274;1.5036;1.4964;-3.1589037573018994
0.1500000000000341;1.5039;1.4961;-3.1587440186405504
0.1500000000000341;1.5055;1.4945;-3.158130875096752
0.20000000000004547;1.5116;1.4884;-3.158404797278801
0.10000000000002274;1.5089;1.4911;-3.158532457887843
0.10000000000002274;1.5076;1.4924;-3.1582799031998636
0.10000000000002274;1.5101;1.4899;-3.159074294992921
0.10000000000002274;1.5022;1.4978;-3.159852844423864
0.10000000000002274;1.4944;1.5056;-3.160238063011448
0.10000000000002274;1.4905;1.5095;-3.1604879940132036
0.20000000000004547;1.488;1.512;-3.15924001023696
0.20000000000004547;1.5005;1.4995;-3.1577249359114026
0.10000000000002274;1.5157;1.4843;-3.1587345564127998
0.10000000000002274;1.5056;1.4944;-3.1598014030756354
0.10000000000002274;1.4949;1.5051;-3.1592843128931944
0.10000000000002274;1.5001;1.4999;-3.1589229606349902
0.10000000000002274;1.5037;1.4963;-3.159684959108059
0.10000000000002274;1.5037;1.4963;-3.158843737309681
0.1500000000000341;-0.4;-0.4;-3.1593399478395034
0.1500000000000341;-0.4;-0.4;-3.15972001415547
0.1500000000000341;-0.4;-0.4;-3.1592924764910593
0.10000000000002274;-0.4;-0.4;-3.1588733729379137
0.10000000000002274;-0.4;-0.4;-3.1582191994019135
0.10000000000002274;-0.4;-0.4;-3.157551881589424
0.10000000000002274;-0.4;-0.4;-3.157021158196373
0.1500000000000341;-0.4;-0.4;-3.156480968517036
0.1500000000000341;-0.4;-0.4;-3.1558833898055063
0.25000000000005684;-0.4;-0.4;-3.156083143361198
0.10000000000002274;-0.4;-0.4;-3.15634758452081
0.1500000000000341;-0.4;-0.4;-3.1553584749227275
0.10000000000002274;-0.4;-0.4;-3.1547794195182797
0.10000000000002274;-0.4;-0.4;-3.154342280211539
0.10000000000002274;-0.4;-0.4;-3.1542580134636355
0.1500000000000341;-0.4;-0.4;-3.1536511362260464
0.20000000000004547;-0.4;-0.4;-3.1531342376351965
0.1500000000000341;-0.4;-0.4;-3.152735386941443
0.10000000000002274;-0.4;-0.4;-3.152268068604163
0.10000000000002274;-0.4;-0.4;-3.152012390258733
0.10000000000002274;-0.4;-0.4;-3.1517947091692577
0.10000000000002274;-0.4;-0.4;-3.1515796017649897
0.10000000000002274;-0.4;-0.4;-3.15122328401966
0.20000000000004547;-0.4;-0.4;-3.1502885749227088
0.1500000000000341;-0.4;-0.4;-3.149398989284983
0.1500000000000341;-0.4;-0.4;-3.148426235123075
0.10000000000002274;-0.4;-0.4;-3.14784540024475
0.10000000000002274;-0.4;-0.4;-3.147164855928162
0.10000000000002274;-0.4;-0.4;-3.1465740203326944
0.10000000000002274;-0.4;-0.4;-3.1459033920614345
0.1500000000000341;-0.4;-0.4;-3.144947475746261
0.1500000000000341;-0.4;-0.4;-3.143792328480572
0.20000000000004547;-0.4;-0.4;-3.142343583682009
0.1500000000000341;-0.4;-0.4;-3.1414760268395
0.10000000000002274;-0.4;-0.4;-3.1407496988378645
0.10000000000002274;-0.4;-0.4;-3.140083698332633
0.10000000000002274;-0.4;-0.4;-3.139323044824292
0.10000000000002274;-0.4;-0.4;-3.138775978582253
0.10000000000002274;-0.4;-0.4;-3.138028196635838
0.1500000000000341;-0.4;-0.4;-3.1370257686397487
0.20000000000004547;-0.4;-0.4;-3.1369953585698895
0.1500000000000341;-0.4;-0.4;-3.1379818017519163
0.10000000000002274;-0.4;-0.4;-3.1387520275758884
0.1500000000000341;-0.4;-0.4;-3.1389376898487376
0.1500000000000341;-0.4;-0.4;-3.137795159203416
0.10000000000002274;-0.4;-0.4;-3.1375081568863683
0.10000000000002274;-0.4;-0.4;-3.137151065532395
0.10000000000002274;-0.4;-0.4;-3.136454662927581
0.1500000000000341;-0.4;-0.4;-3.1354237696277982
0.10000000000002274;-0.4;-0.4;-3.1348331172194346
0.10000000000002274;-0.4;-0.4;-3.1343498398801453
0.10000000000002274;-0.4;-0.4;-3.1341287672853424
0.10000000000002274;-0.4;-0.4;-3.1342149959652623
0.10000000000002274;-0.4;-0.4;-3.134060063830034
0.10000000000002274;-0.4;-0.4;-3.1340281352536494
0.1500000000000341;-0.4;-0.4;-3.13411634864221
0.1500000000000341;-0.4;-0.4;-3.13408442813222
0.1500000000000341;-0.4;-0.4;-3.1339427988833
0.10000000000002274;-0.4;-0.4;-3.133724875098384
0.10000000000002274;-0.4;-0.4;-3.1334870963230945
0.10000000000002274;-0.4;-0.4;-3.1333539246485076
0.10000000000002274;-0.4;-0.4;-3.133320004702885
0.10000000000002274;-0.4;-0.4;-3.133286401883733
0.10000000000002274;0.8;-0.2;-3.142317657726718
0.20000000000004547;0.8;-0.2;-3.1965119272889555
0.20000000000004547;0.8;-0.2;-3.252674662767936
0.10000000000002274;0.8;-0.2;-3.2834886360470152
0.10000000000002274;0.8;-0.2;-3.3148058877343343
0.1500000000000341;0.8;-0.2;-3.3611256101146654
0.10000000000002274;0.8;-0.2;-3.390885014543388
0.20000000000004547;0.8;-0.2;-3.449204474726124
0.1500000000000341;0.8;-0.2;-3.4933502931246347
0.1500000000000341;0.8;-0.2;-3.5371541875570975
0.10000000000002274;0.8;-0.2;-3.5674496492587187
0.1500000000000341;0.8;-0.2;-3.6129742574266817
0.1500000000000341;0.8;-0.2;-3.658348263136365
0.1500000000000341;0.8;-0.2;-3.7036909788433183
0.10000000000002274;0.8;-0.2;-3.733958525087104
0.1500000000000341;0.8;-0.2;-3.779397410100625
0.1500000000000341;0.8;-0.2;-3.8249948893671837
0.1500000000000341;0.8;-0.2;-3.870301000729826
0.10000000000002274;0.8;-0.2;-3.900811761277931
0.1500000000000341;0.8;-0.2;-3.9458554087263975
0.1500000000000341;0.8;-0.2;-3.9910359640934385
0.1500000000000341;0.8;-0.2;-4.0359405807288455
0.20000000000004547;0.8;-0.2;-4.09606172051369
0.20000000000004547;0.8;-0.2;-4.155948889849464
0.10000000000002274;0.8;-0.2;-4.1861001553275345
0.10000000000002274;0.8;-0.2;-4.216093046790703
0.10000000000002274;0.8;-0.2;-4.246576529718667
0.1500000000000341;0.8;-0.2;-4.2911919150650295
0.1500000000000341;0.8;-0.2;-4.3364033660438865
0.10000000000002274;0.8;-0.2;-4.366046624898156
0.10000000000002274;0.8;-0.2;-4.396285503464589
0.20000000000004547;0.8;-0.2;-4.456535774365138
0.10000000000002274;0.8;-0.2;-4.486838685163737
0.10000000000002274;0.8;-0.2;-4.51696305823359
0.10000000000002274;0.8;-0.2;-4.546881360752655
0.10000000000002274;0.8;-0.2;-4.576808257491503
0.1500000000000341;0.8;-0.2;-4.621276437107482
0.1500000000000341;0.8;-0.2;-4.6658229647987035
0.1500000000000341;0.8;-0.2;-4.710592622375592
0.20000000000004547;0.8;-0.2;-4.769688048863296
0.1500000000000341;0.8;-0.2;-4.814962599156041
0.10000000000002274;0.8;-0.2;-4.843670022090642
0.10000000000002274;0.8;-0.2;-4.872920624126556
0.1500000000000341;0.8;-0.2;-4.915733987264876
0.10000000000002274;0.8;-0.2;-4.944260074176817
0.1500000000000341;0.8;-0.2;-4.989098759690353
0.25000000000005684;0.7873;-0.1968;-5.065806088529785
0.10000000000002274;0.7413;-0.1853;-5.094627712852805
0.1500000000000341;0.724;-0.181;-5.135415186298313
0.10000000000002274;0.6995;-0.1749;-5.161630842478443
0.1500000000000341;0.6838;-0.1709;-5.200061687144458
0.1500000000000341;0.6607;-0.1652;-5.237104636948643
0.1500000000000341;0.6385;-0.1596;-5.273407394456071
0.10000000000002274;0.6167;-0.1542;-5.296286579845287
0.20000000000004547;0.603;-0.1507;-5.341401125208281
0.10000000000002274;0.5759;-0.144;-5.362910497896439
0.10000000000002274;0.563;-0.1408;-5.383971774533512
0.1500000000000341;0.5504;-0.1376;-5.414889177726521
0.1500000000000341;0.5318;-0.133;-5.444811961116065
0.20000000000004547;0.5139;-0.1285;-5.4834353680350345
0.1500000000000341;0.4907;-0.1227;-5.511171073218503
0.1500000000000341;0.4741;-0.1185;-5.538026221990821
0.1500000000000341;0.458;-0.1145;-5.5640319813387205
0.10000000000002274;0.4423;-0.1106;-5.5807885042345395
0.10000000000002274;0.4323;-0.1081;-5.597152171986486
0.1500000000000341;0.4225;-0.1056;-5.620892923322841
0.1500000000000341;0.4082;-0.1021;-5.644184030601287
0.10000000000002274;0.3943;-0.0986;-5.6591780540399625
0.1500000000000341;0.3853;-0.0963;-5.6811666158508425
0.20000000000004547;0.3721;-0.093;-5.7094805828501265
0.10000000000002274;0.3551;-0.0888;-5.721845871514699
0.1500000000000341;0.3477;-0.0869;-5.74007130479257
0.10000000000002274;0.3367;-0.0842;-5.751812217965442
0.1500000000000341;0.3297;-0.0824;-5.769302442545072
0.10000000000002274;0.3192;-0.0798;-5.780966830339033
0.10000000000002274;0.3122;-0.078;-5.792455048924399
0.10000000000002274;0.3053;-0.0763;-5.803761232612107
0.1500000000000341;0.2985;-0.0746;-5.820772344046665
0.1500000000000341;0.2883;-0.0721;-5.836714896375451
0.1500000000000341;0.2787;-0.0697;-5.852440937929946
0.10000000000002274;0.2693;-0.0673;-5.862196149902141
0.20000000000004547;0.2634;-0.0659;-5.881978259152881
0.1500000000000341;0.2516;-0.0629;-5.896092813957673
0.10000000000002274;0.2431;-0.0608;-5.905030753510722
0.10000000000002274;0.2377;-0.0594;-5.913848264172602
0.20000000000004547;0.2325;-0.0581;-5.930838782705547
0.1500000000000341;0.2223;-0.0556;-5.94332956678182
0.10000000000002274;0.2148;-0.0537;-5.951474995399294
0.10000000000002274;0.2099;-0.0525;-5.959119059381894
0.1500000000000341;0.2053;-0.0513;-5.970605958872409
0.1500000000000341;0.2;-0.05;-5.981567174078713
0.1500000000000341;0.2;-0.05;-5.992443816091123
0.20000000000004547;0.2;-0.05;-6.0074886848396405
0.20000000000004547;0.2;-0.05;-6.022107285662573
0.1500000000000341;0.2;-0.05;-6.03283276848829
0.10000000000002274;0.2;-0.05;-6.040443987285665
0.1500000000000341;0.2;-0.05;-6.051131338765968
0.10000000000002274;0.2;-0.05;-6.058550594279555
0.1500000000000341;0.2;-0.05;-6.06939864826283
0.10000000000002274;0.2;-0.05;-6.076694253468751
0.20000000000004547;0.2;-0.05;-6.091080237231103
0.1500000000000341;0.2;-0.05;-6.1019991629513655
0.10000000000002274;0.2;-0.05;-6.109496882593284
0.25000000000005684;0.2;-0.05;-6.128231442649922
0.1500000000000341;0.2;-0.05;-6.139692142303126
0.10000000000002274;0.2;-0.05;-6.147389606509221
0.1500000000000341;0.2;-0.05;-6.159051876829385
0.1500000000000341;0.2;-0.05;-6.170820281070936
0.10000000000002274;0.2;-0.05;-6.178709802476874
0.20000000000004547;0.2;-0.05;-6.193241176023909
0.1500000000000341;0.2;-0.05;-6.204174623902694
0.10000000000002274;0.2;-0.05;-6.211403110187496
0.1500000000000341;0.2;-0.05;-6.222739704516383
0.10000000000002274;0.2;-0.05;-6.230372707076734
0.1500000000000341;0.2;-0.05;-6.241371328337609
0.1500000000000341;0.2;-0.05;-6.252129222531907
0.10000000000002274;0.2;-0.05;-6.259551523199551
0.1500000000000341;0.2;-0.05;-6.270447134854145
0.1500000000000341;0.2;-0.05;-6.281411677347859
0.1500000000000341;0.2;-0.05;-6.292260171424485
0.1500000000000341;0.2;-0.05;-6.302966484792546
0.1500000000000341;0.0;0.0;-6.302973229921084
0.10000000000002274;1.483;1.517;-6.310412095306236
0.1500000000000341;1.4087;1.5913;-6.3343569082649065
0.20000000000004547;1.1692;1.8308;-6.289950716590089
0.1500000000000341;1.6133;1.3867;-6.276521120587732
0.10000000000002274;1.7476;1.2524;-6.2753457231376
0.10000000000002274;1.7593;1.2407;-6.2906021394028615
0.10000000000002274;1.6068;1.3932;-6.2978947927849305
0.1500000000000341;1.5338;1.4662;-6.300990911700778
0.10000000000002274;1.5029;1.4971;-6.300504121335461
0.10000000000002274;1.5077;1.4923;-6.300445729701978
0.10000000000002274;1.5083;1.4917;-6.300291614200559
0.1500000000000341;1.5099;1.4901;-6.299983435044818
0.10000000000002274;1.5129;1.4871;-6.300195062570076
0.1500000000000341;1.5108;1.4892;-6.301061682048227
0.10000000000002274;1.5022;1.4978;-6.301156301753185
0.1500000000000341;1.5012;1.4988;-6.3004543947068194
0.10000000000002274;1.5082;1.4918;-6.301333985691745
0.10000000000002274;1.4994;1.5006;-6.301169785072074
0.20000000000004547;1.5011;1.4989;-6.299848052970602
0.10000000000002274;1.5143;1.4857;-6.300414214487607
0.1500000000000341;1.5086;1.4914;-6.300112140335148
0.1500000000000341;1.5117;1.4883;-6.30002240071205
0.1500000000000341;1.5126;1.4874;-6.300054620605944
0.10000000000002274;1.5122;1.4878;-6.300118728772783
0.10000000000002274;1.5116;1.4884;-6.300282914780129
0.10000000000002274;1.5099;1.4901;-6.300533639228339
0.20000000000004547;1.5074;1.4926;-6.3013288232143605
0.10000000000002274;1.4995;1.5005;-6.301571942056908
0.1500000000000341;1.4971;1.5029;-6.301763562739537
0.10000000000002274;1.4951;1.5049;-6.301461013388035
0.1500000000000341;1.4982;1.5018;-6.30039036111976
0.10000000000002274;1.5089;1.4911;-6.300695682360478
0.1500000000000341;1.5058;1.4942;-6.301549480425277
0.10000000000002274;1.4973;1.5027;-6.3019475372061615
0.20000000000004547;1.4933;1.5067;-6.3017323414597834
0.10000000000002274;1.4955;1.5045;-6.301686330750756
0.10000000000002274;1.4959;1.5041;-6.30171449826418
0.10000000000002274;1.4956;1.5044;-6.301752611509062
0.10000000000002274;1.4953;1.5047;-6.301765694705015
0.10000000000002274;1.4951;1.5049;-6.301372895417897
0.10000000000002274;1.499;1.501;-6.300843387617815
0.1500000000000341;1.5043;1.4957;-6.300071796321572
0.20000000000004547;1.5121;1.4879;-6.300811817809006
0.1500000000000341;1.5047;1.4953;-6.302421317679636
0.10000000000002274;1.4886;1.5114;-6.301394514417902
0.1500000000000341;1.4988;1.5012;-6.300185223088395
0.10000000000002274;1.5109;1.4891;-6.300342620449275
0.1500000000000341;1.5093;1.4907;-6.300077764273121
0.1500000000000341;1.512;1.488;-6.3003258108588165
0.1500000000000341;1.5095;1.4905;-6.300881144771796
0.10000000000002274;1.504;1.496;-6.30139393409159
0.10000000000002274;1.4988;1.5012;-6.30197847997921
0.1500000000000341;1.493;1.507;-6.301919469450067
0.1500000000000341;1.4936;1.5064;-6.301451008259625
0.1500000000000341;1.4983;1.5017;-6.30220781694192
0.1500000000000341;1.4907;1.5093;-6.302075861657638
0.1500000000000341;1.492;1.508;-6.302216813118672
0.1500000000000341;1.4906;1.5094;-6.302346263757943
0.1500000000000341;1.4893;1.5107;-6.301754181304661
0.10000000000002274;1.4952;1.5048;-6.300698125407406
0.1500000000000341;1.5058;1.4942;-6.300025356259628
0.10000000000002274;1.5125;1.4875;-6.300211862383863
0.10000000000002274;1.5107;1.4893;-6.300248167990684
0.1500000000000341;1.5103;1.4897;-6.300438367735846
0.1500000000000341;1.5084;1.4916;-6.300667265970125
0.20000000000004547;1.5061;1.4939;-6.300612090979822
0.10000000000002274;1.5067;1.4933;-6.300527874302314
0.10000000000002274;1.5075;1.4925;-6.301472676754759
0.1500000000000341;1.498;1.502;-6.302325060046455
0.10000000000002274;1.4895;1.5105;-6.3020575149174
0.1500000000000341;1.4922;1.5078;-6.302490432424397
0.1500000000000341;1.4879;1.5121;-6.302046069479256
0.1500000000000341;1.4923;1.5077;-6.300605758200408
0.1500000000000341;1.5067;1.4933;-6.300909741041337
0.10000000000002274;1.5037;1.4963;-6.30068085607914
0.1500000000000341;1.506;1.494;-6.300196637074518
0.1500000000000341;1.5108;1.4892;-6.300397262500011
0.1500000000000341;1.5088;1.4912;-6.30244945011135
0.1500000000000341;1.4883;1.5117;-6.302473358869496
0.10000000000002274;1.488;1.512;-6.302259753482931
0.10000000000002274;1.4902;1.5098;-6.302421229856267
0.20000000000004547;1.4886;1.5114;-6.302155360325021
0.10000000000002274;1.4912;1.5088;-6.302417407109782
0.1500000000000341;1.4886;1.5114;-6.301895175302168
0.1500000000000341;1.4938;1.5062;-6.301758010459776
0.1500000000000341;1.4952;1.5048;-6.302458156408683
0.10000000000002274;1.4882;1.5118;-6.301869728851498
0.10000000000002274;1.4941;1.5059;-6.300777061886918
0.1500000000000341;1.505;1.495;-6.301660679751112
0.20000000000004547;1.4962;1.5038;-6.3015970888274815
0.10000000000002274;1.4968;1.5032;-6.302181365516893
0.10000000000002274;1.491;1.509;-6.302104213765423
0.20000000000004547;1.4917;1.5083;-6.302492927253493
0.1500000000000341;1.4878;1.5122;-6.302478001722582
0.10000000000002274;1.488;1.512;-6.302526483788581
0.1500000000000341;1.4875;1.5125;-6.3018941992481174
0.1500000000000341;1.4938;1.5062;-6.300656272198404
0.1500000000000341;1.5062;1.4938;-6.300766376899902
0.1500000000000341;1.5051;1.4949;-6.300142657715976
0.10000000000002274;1.5113;1.4887;-6.30009736848472
0.10000000000002274;1.5118;1.4882;-6.300396461918732
