0.1;0.375;-1.5;-0.0075818476118557744
0.15;1.4242;1.5758;-0.029827405240323884
0.14999999999999997;1.2017;1.7983;-0.029872075327877674
0.25000000000000006;1.2013;1.7987;0.013367577839022288
0.10000000000000009;1.6337;1.3663;0.014230703154325619
0.15000000000000013;1.6423;1.3577;0.0014492124124280675
0.09999999999999998;1.5145;1.4855;-8.431572214829706e-05
0.15000000000000013;1.4992;1.5008;0.0006655822004429493
0.15000000000000013;1.5067;1.4933;0.0006337762451396036
0.15000000000000013;1.5063;1.4937;0.0008420085333610706
0.15000000000000013;1.5084;1.4916;0.0003356979585518753
0.10000000000000009;1.5034;1.4966;0.00021045095179904715
0.15000000000000013;1.5021;1.4979;-0.0002790337391179804
0.10000000000000009;1.4972;1.5028;9.403915536520131e-05
0.09999999999999964;1.5009;1.4991;0.0003800192633890038
0.09999999999999964;1.5038;1.4962;0.0009314739021098429
0.09999999999999964;1.5093;1.4907;0.00027598934907483916
0.09999999999999964;1.5028;1.4972;-0.0001137805625536796
0.29999999999999893;1.4989;1.5011;0.002315822700366968
0.1999999999999993;1.5232;1.4768;-0.001992823348566929
0.14999999999999947;1.4801;1.5199;0.00048193003029154725
0.09999999999999964;1.5048;1.4952;0.0007534247345649377
0.14999999999999947;1.5075;1.4925;3.6218000026244602e-06
0.09999999999999964;1.5075;1.4925;-0.0011707246158487385
0.09999999999999964;-0.4;-0.4;-0.0004225676293971053
0.14999999999999947;-0.4;-0.4;4.319850861801255e-05
0.1999999999999993;-0.4;-0.4;0.001262340580552566
0.14999999999999947;-0.4;-0.4;0.002436664880866953
0.14999999999999947;-0.4;-0.4;0.0035625336362700086
0.09999999999999964;-0.4;-0.4;0.00433872988758746
0.09999999999999964;-0.4;-0.4;0.005125170042085928
0.09999999999999964;-0.4;-0.4;0.0058889016752453355
0.09999999999999964;-0.4;-0.4;0.006592485960644441
0.14999999999999947;-0.4;-0.4;0.007274511195338473
0.14999999999999947;-0.4;-0.4;0.007621887908661758
0.09999999999999964;-0.4;-0.4;0.007651728207861385
0.09999999999999964;-0.4;-0.4;0.007542989654503522
0.09999999999999964;-0.4;-0.4;0.00718261146286639
0.09999999999999964;-0.4;-0.4;0.006452842143439881
0.09999999999999964;-0.4;-0.4;0.005675057587569687
0.09999999999999964;-0.4;-0.4;0.0049200679035244915
0.14999999999999947;-0.4;-0.4;0.003833327884407595
0.2499999999999991;-0.4;-0.4;0.0022556788861547855
0.09999999999999964;-0.4;-0.4;0.001669785187795874
0.09999999999999964;-0.4;-0.4;0.0011694745441454394
0.09999999999999964;-0.4;-0.4;0.000850008142915275
0.09999999999999964;-0.4707;0.4707;0.014891491034410401
0.09999999999999964;-0.4623;0.4623;0.04280633592276692
0.09999999999999964;-0.4456;0.4456;0.06971423228091453
0.14999999999999947;-0.4294;0.4294;0.10804415972210984
0.2499999999999991;-0.4064;0.4064;0.16899987204247316
0.14999999999999947;-0.3698;0.3698;0.2037031774031526
0.09999999999999964;-0.349;0.349;0.22458563402702544
0.14999999999999947;-0.3365;0.3365;0.2556128732595649
0.14999999999999947;-0.3179;0.3179;0.2843288686705954
0.14999999999999947;-0.3006;0.3006;0.31164369406318226
0.14999999999999947;-0.2843;0.2843;0.3372102075896375
0.14999999999999947;-0.2689;0.2689;0.36253500497967617
0.09999999999999964;-0.2537;0.2537;0.37800216542607334
0.14999999999999947;-0.2444;0.2444;0.39981858531638015
0.15000000000000213;-0.2313;0.2313;0.4203715978760809
0.15000000000000213;-0.219;0.219;0.44059206017248176
0.15000000000000213;-0.2069;0.2069;0.45831748160948665
0.15000000000000213;-0.1963;0.1963;0.47582965730908644
0.10000000000000142;-0.1857;0.1857;0.48717955793422024
0.15000000000000213;-0.1789;0.1789;0.5035969336596471
0.15000000000000213;-0.1691;0.1691;0.5188072634884494
0.15000000000000213;-0.16;0.16;0.5324391700587451
0.10000000000000142;-0.1518;0.1518;0.5411383802646594
0.10000000000000142;-0.1466;0.1466;0.5500340357583645
0.15000000000000213;-0.1412;0.1412;0.5623335022480792
0.10000000000000142;-0.1338;0.1338;0.5704419570640787
0.20000000000000284;-0.129;0.129;0.5852268583545923
0.15000000000000213;-0.1201;0.1201;0.5955897846702126
0.15000000000000213;-0.1139;0.1139;0.6061106684420523
0.15000000000000213;-0.1076;0.1076;0.6158827774025677
0.10000000000000142;-0.1017;0.1017;0.6220554941040685
0.15000000000000213;-0.1;0.1;0.6311643435496002
0.15000000000000213;-0.1;0.1;0.6402193916819668
0.10000000000000142;-0.1;0.1;0.6462761274588786
0.20000000000000284;-0.1;0.1;0.6583961269417844
0.15000000000000213;-0.1;0.1;0.6674689699022444
0.10000000000000142;-0.1;0.1;0.6735068537080344
0.15000000000000213;-0.1;0.1;0.6825419331217633
0.15000000000000213;-0.1;0.1;0.6916088289200675
0.15000000000000213;-0.1;0.1;0.7006913888244208
0.15000000000000213;-0.1;0.1;0.7099776617029072
0.10000000000000142;-0.1;0.1;0.7162096939211299
0.10000000000000142;-0.1;0.1;0.722422643935812
0.20000000000000284;-0.1;0.1;0.7345281164813438
0.10000000000000142;-0.1;0.1;0.7405267207291374
0.10000000000000142;-0.1;0.1;0.7465070143720725
0.15000000000000213;-0.1;0.1;0.7556695804118232
0.10000000000000142;-0.1;0.1;0.7613258995505954
0.15000000000000213;-0.1;0.1;0.7698230727547734
0.10000000000000142;-0.1;0.1;0.775438472150041
0.15000000000000213;-0.1;0.1;0.7839865271541238
0.15000000000000213;0.0;0.0;0.7839884394014488
0.10000000000000142;0.9425;0.5184;0.7834729892115655
0.10000000000000142;0.9422;0.5182;0.7730981171457187
0.15000000000000213;0.9359;0.5148;0.7526768631161369
0.15000000000000213;0.9237;0.508;0.7323698401795206
0.15000000000000213;0.9115;0.5013;0.7119809480776328
0.15000000000000213;0.8993;0.4946;0.692456543534345
0.10000000000000142;0.8876;0.4882;0.6797508476237948
0.20000000000000284;0.8799;0.484;0.6550537358821057
0.10000000000000142;0.8651;0.4758;0.6429838271571635
0.10000000000000142;0.8579;0.4718;0.6312009772764768
0.10000000000000142;0.8508;0.4679;0.6198311548427123
0.15000000000000213;0.844;0.4642;0.603122572109598
0.10000000000000142;0.834;0.4587;0.5921737733255266
0.10000000000000142;0.8274;0.4551;0.5815502801771351
0.10000000000000142;0.821;0.4516;0.5712932681086903
0.20000000000000284;0.8149;0.4482;0.5512668242392128
0.10000000000000142;0.8028;0.4416;0.5415621317094198
0.10000000000000142;0.797;0.4384;0.5320929282972726
0.15000000000000213;0.7913;0.4352;0.5182441720630023
0.10000000000000142;0.783;0.4307;0.5089238316444984
0.10000000000000142;0.7774;0.4276;0.4998090238004456
0.15000000000000213;0.772;0.4246;0.48530086163907604
0.10000000000000142;0.7633;0.4198;0.47562247019846815
0.15000000000000213;0.7575;0.4166;0.46128060697523776
0.15000000000000213;0.7489;0.4119;0.4470519727011964
0.10000000000000142;0.7403;0.4072;0.43747105514880885
0.20000000000000284;0.7346;0.404;0.41826696549217984
0.10000000000000142;0.723;0.3977;0.40888323961831496
0.15000000000000213;0.7174;0.3946;0.39528581447975186
0.10000000000000142;0.7093;0.3901;0.38579555041491165
0.20000000000000284;0.7036;0.387;0.3669961367790788
0.15000000000000213;0.6923;0.3808;0.35315405669762057
0.10000000000000142;0.684;0.3762;0.34391753798154134
0.15000000000000213;0.6784;0.3731;0.3304193182652108
0.15000000000000213;0.6703;0.3687;0.3170856521787666
0.15000000000000213;0.6623;0.3643;0.30331988093563594
0.20000000000000284;0.6541;0.3597;0.2849332772177524
0.10000000000000142;0.643;0.3537;0.2759321137946141
0.20000000000000284;0.6376;0.3507;0.258766456991618
0.10000000000000142;0.6273;0.345;0.2503321716096732
0.15000000000000213;0.6223;0.3423;0.23754191527776194
0.15000000000000213;0.6146;0.338;0.22503227430382283
0.10000000000000142;0.6071;0.3339;0.21720787465398494
0.15000000000000213;0.6024;0.3313;0.2052258476282212
0.15000000000000213;0.5952;0.3274;0.19350148482665758
0.15000000000000213;0.5882;0.3235;0.18182397117218768
0.15000000000000213;0.5812;0.3196;0.1706976608093399
0.15000000000000213;0.5745;0.316;0.15906322912680104
0.15000000000000213;0.5675;0.3121;0.1472806256558359
0.10000000000000142;0.5605;0.3082;0.13949709334814683
0.10000000000000142;0.5558;0.3057;0.13183834797713165
0.15000000000000213;0.5512;0.3032;0.12043074593923635
0.10000000000000142;0.5443;0.2994;0.11294660101669042
0.25000000000000355;0.5399;0.2969;0.0932689862127783
0.10000000000000142;0.528;0.2904;0.08568743630152434
0.10000000000000142;0.5235;0.2879;0.07821318944022446
0.10000000000000142;0.519;0.2855;0.07056722560037235
0.15000000000000213;0.5144;0.2829;0.059526320601893924
0.10000000000000142;0.5078;0.2793;0.05235545106543079
0.15000000000000213;0.5035;0.2769;0.04205228526577938
0.10000000000000142;0.4973;0.2735;0.035165122705060434
0.15000000000000213;0.4932;0.2713;0.024859184375870483
0.15000000000000213;0.487;0.2679;0.01466737137926168
0.10000000000000142;0.4809;0.2645;0.007907751551216226
0.10000000000000142;0.4768;0.2623;0.0012987119212095064
0.10000000000000142;0.4729;0.2601;-0.005306532062051573
0.10000000000000142;0.4689;0.2579;-0.01176236617561554
0.20000000000000284;0.465;0.2558;-0.02402833292724041
0.20000000000000284;0.4577;0.2517;-0.03617666117011551
0.20000000000000284;0.4504;0.2477;-0.04864044740526785
0.15000000000000213;0.4429;0.2436;-0.05780670729919547
0.15000000000000213;0.4374;0.2406;-0.06689566942523224
0.15000000000000213;0.4319;0.2376;-0.07584851185645086
0.15000000000000213;0.4266;0.2346;-0.08464086367308246
0.15000000000000213;0.4213;0.2317;-0.0934954574903141
0.15000000000000213;0.416;0.2288;-0.1018090380925343
0.10000000000000142;0.411;0.2261;-0.10707952021479351
0.15000000000000213;0.4078;0.2243;-0.11488879097463045
0.20000000000000284;0.4032;0.2217;-0.1247918595521956
0.10000000000000142;0.3972;0.2185;-0.12969735357576684
0.15000000000000213;0.3943;0.2168;-0.13696147170879505
0.10000000000000142;0.3899;0.2144;-0.14178519117031274
0.15000000000000213;0.387;0.2129;-0.1489618635528319
0.20000000000000284;0.3827;0.2105;-0.15870867098550662
0.15000000000000213;0.3769;0.2073;-0.16593629745230593
0.10000000000000142;0.3725;0.2049;-0.1707910223660763
0.20000000000000284;0.3696;0.2033;-0.1807215722574839
0.10000000000000142;0.3637;0.2;-0.18548730076396874
0.15000000000000213;0.3608;0.1984;-0.19239460630594846
0.10000000000000142;0.3566;0.1962;-0.19674123164161633
0.20000000000000284;0.354;0.1947;-0.2051350129518476
0.15000000000000213;0.349;0.192;-0.21124167192239937
0.20000000000000284;0.3453;0.1899;-0.2192383999864831
0.10000000000000142;0.3405;0.1873;-0.22327230556656705
0.15000000000000213;0.3381;0.186;-0.2293742507801795
0.10000000000000142;0.3345;0.184;-0.23344021008030363
0.15000000000000213;0.332;0.1826;-0.239250649366601
0.10000000000000142;0.3285;0.1807;-0.2430198767651263
0.15000000000000213;0.3263;0.1795;-0.2491275921324215
0.15000000000000213;0.3226;0.1774;-0.25541174851238574
0.10000000000000142;0.3188;0.1754;-0.2594366950101035
0.10000000000000142;0.3164;0.174;-0.26336781500578255
0.15000000000000213;0.3141;0.1727;-0.2690667923540964
0.10000000000000142;0.3106;0.1709;-0.2727546034632241
0.10000000000000142;0.3084;0.1696;-0.2762995829113731
0.10000000000000142;0.3063;0.1685;-0.27989031851608526
0.20000000000000284;0.3042;0.1673;-0.28705326933266406
0.15000000000000213;0.2999;0.1649;-0.2925679343129225
0.10000000000000142;0.2965;0.1631;-0.29597654583373145
0.15000000000000213;0.2945;0.162;-0.3009648382643902
0.10000000000000142;0.2915;0.1603;-0.30423043736751926
0.15000000000000213;0.2895;0.1593;-0.30906291563578653
0.10000000000000142;0.2866;0.1577;-0.3122126635878765
0.15000000000000213;0.2848;0.1566;-0.3169051294376267
0.25000000000000355;0.2819;0.1551;-0.3248936427309912
0.10000000000000142;0.2771;0.1524;-0.3278816173953915
0.10000000000000142;0.2754;0.1514;-0.3309507041087344
0.10000000000000142;0.2735;0.1504;-0.33425547520583115
0.10000000000000142;0.2715;0.1493;-0.33733110171430486
0.15000000000000213;0.2697;0.1483;-0.34223934872235756
0.15000000000000213;0.2667;0.1467;-0.34669973179769337
0.10000000000000142;0.2641;0.1452;-0.34931115116868117
0.20000000000000284;0.2625;0.1444;-0.35450589645463587
0.15000000000000213;0.2594;0.1427;-0.3593303537761216
0.15000000000000213;0.2565;0.1411;-0.3637915359650657
0.10000000000000142;0.2538;0.1396;-0.3664781625414604
0.15000000000000213;0.2522;0.1387;-0.37130325118405844
0.10000000000000142;0.2493;0.1371;-0.3740590936883668
0.10000000000000142;0.2477;0.1362;-0.37663002705192516
0.10000000000000142;0.2461;0.1354;-0.3796094847275316
0.15000000000000213;0.2443;0.1344;-0.38368137037033473
0.15000000000000213;0.2419;0.133;-0.38781128556654293
0.10000000000000142;0.2394;0.1317;-0.3907049743153435
0.15000000000000213;0.2377;0.1307;-0.39477324674420894
0.15000000000000213;0.2352;0.1294;-0.39892944595549773
0.15000000000000213;0.2327;0.128;-0.40277708827362657
0.10000000000000142;0.2304;0.1267;-0.40560753414904477
0.15000000000000213;0.2287;0.1258;-0.40936922972028367
0.19999999999999574;0.2265;0.1246;-0.41494492764526747
0.14999999999999147;0.2231;0.1227;-0.4186640595591691
0.09999999999999432;0.2209;0.1215;-0.4216101331423173
0.09999999999999432;0.2191;0.1205;-0.4242402209260917
0.09999999999999432;0.2175;0.1196;-0.4266475522019149
0.14999999999999147;0.2161;0.1189;-0.4298137606554622
0.19999999999998863;0.2142;0.1178;-0.4345861008109213
0.2499999999999858;0.2113;0.1162;-0.44038649047054873
0.14999999999999147;0.2079;0.1143;-0.4436889783312961
0.09999999999999432;0.2059;0.1132;-0.445635210880865
0.14999999999999147;0.2047;0.1126;-0.4487484256233758
0.09999999999999432;0.2028;0.1116;-0.45064038792818034
0.09999999999999432;0.2017;0.1109;-0.45275604662946545
0.09999999999999432;0.2004;0.1102;-0.45456735846929885
0.09999999999999432;0.1993;0.1096;-0.45670866683423494
0.09999999999999432;0.1981;0.1089;-0.45861808784092073
0.19999999999998863;0.1969;0.1083;-0.46261223008450564
0.09999999999999432;0.1945;0.107;-0.4647812428351609
0.09999999999999432;0.1932;0.1063;-0.4669947278639235
0.14999999999999147;0.1919;0.1055;-0.4699822464453926
0.09999999999999432;0.1901;0.1046;-0.4717719951462451
0.14999999999999147;0.189;0.104;-0.47467205683230923
0.09999999999999432;0.1873;0.103;-0.47648288716151715
0.14999999999999147;0.1862;0.1024;-0.47913684356004793
0.19999999999998863;0.1846;0.1015;-0.4826913011638798
0.14999999999999147;0.1825;0.1004;-0.4852277994960692
0.14999999999999147;0.1809;0.0995;-0.4878409050280733
0.09999999999999432;0.1794;0.0987;-0.48950598276749085
0.09999999999999432;0.1784;0.0981;-0.4913020920359276
0.14999999999999147;0.1773;0.0975;-0.4939811232802421
0.09999999999999432;0.1757;0.0966;-0.4956599468508093
0.09999999999999432;0.1747;0.0961;-0.49730770936727114
0.19999999999998863;0.1737;0.0955;-0.5005782320999667
0.09999999999999432;0.1717;0.0945;-0.5023099619553703
0.09999999999999432;0.1707;0.0939;-0.5041832514187661
0.09999999999999432;0.1696;0.0933;-0.5061914418686727
0.14999999999999147;0.1684;0.0926;-0.5087023641836346
0.09999999999999432;0.1669;0.0918;-0.5104237601105224
0.09999999999999432;0.1658;0.0912;-0.5120759289626209
0.09999999999999432;0.1648;0.0907;-0.5139095559505655
0.14999999999999147;0.1637;0.0901;-0.5165436708270744
0.14999999999999147;0.1622;0.0892;-0.5198207561666106
0.09999999999999432;0.1602;0.0881;-0.5222145120442397
0.19999999999998863;0.1588;0.0873;-0.5273983855495517
0.14999999999999147;0.1556;0.0856;-0.5312134451927532
0.14999999999999147;0.1534;0.0843;-0.5349734986899987
0.14999999999999147;0.1511;0.0831;-0.5386478214233525
0.09999999999999432;0.1489;0.0819;-0.5410349065066803
0.14999999999999147;0.1475;0.0811;-0.5445517339861551
0.14999999999999147;0.1454;0.0799;-0.547993810152041
0.14999999999999147;0.1433;0.0788;-0.551308623132784
0.09999999999999432;0.1413;0.0777;-0.553434902456504
0.09999999999999432;0.14;0.077;-0.5555302027383044
0.09999999999999432;0.1388;0.0763;-0.5576118723070914
0.14999999999999147;0.1375;0.0756;-0.5606710083889672
0.14999999999999147;0.1357;0.0746;-0.5636875647806382
0.19999999999998863;0.1339;0.0736;-0.5677052592990416
0.09999999999999432;0.1315;0.0723;-0.5696929688340235
0.09999999999999432;0.1303;0.0716;-0.5716614318318058
0.09999999999999432;0.1291;0.071;-0.5736117673563266
0.09999999999999432;0.1279;0.0704;-0.5755377271571676
0.09999999999999432;0.1268;0.0697;-0.5774445187671576
0.14999999999999147;0.1256;0.0691;-0.5802714723845797
0.14999999999999147;0.1239;0.0682;-0.5830652137092381
0.2499999999999858;0.1222;0.0672;-0.5876710185852387
0.09999999999999432;0.1195;0.0657;-0.5893497763872569
0.09999999999999432;0.1185;0.0652;-0.59105269571284
0.14999999999999147;0.1175;0.0646;-0.5935076629813921
0.09999999999999432;0.116;0.0638;-0.5951530999685386
0.09999999999999432;0.115;0.0632;-0.5967699120516614
0.14999999999999147;0.114;0.0627;-0.5991274078868153
0.09999999999999432;0.1126;0.0619;-0.6006857417871672
0.14999999999999147;0.1117;0.0614;-0.6030189533832944
0.09999999999999432;0.1103;0.0607;-0.6045763286093604
0.14999999999999147;0.1093;0.0601;-0.6068868042668837
0.09999999999999432;0.108;0.0594;-0.6084816172739326
0.14999999999999147;0.107;0.0588;-0.6108242564074942
0.14999999999999147;0.1056;0.0581;-0.613320309073868
0.14999999999999147;0.1041;0.0573;-0.6158820041703932
0.09999999999999432;0.1026;0.0564;-0.6176156124683718
0.19999999999998863;0.1015;0.0558;-0.6209798480943356
0.19999999999998863;0.1;0.055;-0.6244202167857018
0.09999999999999432;0.1;0.055;-0.6261983094960549
0.14999999999999147;0.1;0.055;-0.6291055797431823
0.09999999999999432;0.1;0.055;-0.6310464425710081
0.09999999999999432;0.1;0.055;-0.6330015419915757
0.09999999999999432;0.1;0.055;-0.6349735204531876
0.09999999999999432;0.1;0.055;-0.6369755280668677
0.19999999999998863;0.1;0.055;-0.6412895763615942
0.14999999999999147;0.1;0.055;-0.6444790784874647
0.19999999999998863;0.1;0.055;-0.6482724021864713
0.14999999999999147;0.1;0.055;-0.6513355707746629
0.09999999999999432;0.1;0.055;-0.6534214759009905
0.09999999999999432;0.1;0.055;-0.6556056223673581
0.14999999999999147;0.1;0.055;-0.6585381381641553
0.09999999999999432;0.1;0.055;-0.6601507927070296
0.2499999999999858;0.1;0.055;-0.6620111166223666
0.09999999999999432;0.1;0.055;-0.6627138836327086
0.09999999999999432;0.1;0.055;-0.6633414667586428
0.09999999999999432;0.1;0.055;-0.6640126088368913
0.09999999999999432;0.1;0.055;-0.664730394754894
0.14999999999999147;0.1;0.055;-0.6657959665653744
0.14999999999999147;0.1;0.055;-0.6668678190207454
0.09999999999999432;0.1;0.055;-0.6675963068385957
0.2499999999999858;0.1;0.055;-0.669203892728334
0.09999999999999432;0.1;0.055;-0.6698289648674045
0.09999999999999432;0.1;0.055;-0.6705455908458774
0.14999999999999147;0.1;0.055;-0.6718423120130304
0.09999999999999432;0.1;0.055;-0.6724431215608911
0.09999999999999432;0.1;0.055;-0.6731652377279086
0.09999999999999432;0.1;0.055;-0.6738340956418389
0.14999999999999147;0.1;0.055;-0.6748107697470949
0.19999999999998863;0.1;0.055;-0.6763745330001268
0.14999999999999147;0.1;0.055;-0.6772224424449929
0.09999999999999432;0.1;0.055;-0.6779315183030477
0.14999999999999147;0.1;0.055;-0.6789751356309133
0.14999999999999147;0.1;0.055;-0.6799690762135797
0.09999999999999432;0.1;0.055;-0.6805962425898875
0.14999999999999147;0.1;0.055;-0.681432560754245
0.14999999999999147;0.1;0.055;-0.6829184131064371
0.19999999999998863;0.1;0.055;-0.6841605444365032
0.14999999999999147;0.1;0.055;-0.6852498960100322
0.14999999999999147;0.1;0.055;-0.6863510472321553
0.09999999999999432;0.1;0.055;-0.6869913372717726
0.14999999999999147;0.1;0.055;-0.6878659123170447
0.14999999999999147;0.1;0.055;-0.6889358187411868
0.09999999999999432;0.1;0.055;-0.6895235374387259
0.14999999999999147;0.1;0.055;-0.6904882814016335
0.09999999999999432;0.1;0.055;-0.6910727704174923
0.14999999999999147;0.1;0.055;-0.6919873615082014
0.14999999999999147;0.1;0.055;-0.6929546478946594
0.09999999999999432;0.1;0.055;-0.6936083472906657
0.14999999999999147;0.1;0.055;-0.694992370657447
0.09999999999999432;0.1;0.055;-0.6956871579726379
0.09999999999999432;0.1;0.055;-0.6962137683699856
0.14999999999999147;0.1;0.055;-0.6972072456461171
0.09999999999999432;0.1;0.055;-0.6978222093259997
0.14999999999999147;0.1;0.055;-0.698672300578263
0.09999999999999432;0.1;0.055;-0.6994450940322371
0.09999999999999432;0.1;0.055;-0.7000938524878956
0.14999999999999147;0.1;0.055;-0.7011986793579422
0.09999999999999432;0.1;0.055;-0.7018057890042988
0.09999999999999432;0.1;0.055;-0.7023589584489196
0.14999999999999147;0.1;0.055;-0.7036554140459275
0.2499999999999858;0.1;0.055;-0.7066135831295228
0.09999999999999432;0.1;0.055;-0.7079742123034544
0.09999999999999432;0.1;0.055;-0.7095126886245384
0.14999999999999147;0.1;0.055;-0.7121055284158456
0.09999999999999432;0.1;0.055;-0.7139176226868498
0.09999999999999432;0.1;0.055;-0.7155065916512645
0.19999999999998863;0.1;0.055;-0.7176508898572226
0.14999999999999147;0.1;0.055;-0.718903072986119
0.14999999999999147;0.1;0.055;-0.7196951462103797
0.14999999999999147;0.1;0.055;-0.720664862363632
0.09999999999999432;0.1;0.055;-0.7213921003915369
0.09999999999999432;0.1;0.055;-0.7219651927669722
0.09999999999999432;0.1;0.055;-0.7225654581281337
0.14999999999999147;0.1;0.055;-0.7239798594195963
0.14999999999999147;0.1;0.055;-0.7263778725340977
0.2499999999999858;0.1;0.055;-0.7317346280191317
0.09999999999999432;0.1;0.055;-0.7337504935722993
0.14999999999999147;0.1;0.055;-0.7367962997417132
0.09999999999999432;0.1;0.055;-0.7387816635317778
0.09999999999999432;0.1;0.055;-0.740824380454338
0.14999999999999147;0.1;0.055;-0.7439668170397312
0.14999999999999147;0.1;0.055;-0.7470285716352495
0.09999999999999432;0.1;0.055;-0.7490765620683377
0.2499999999999858;0.1;0.055;-0.7542525272644894
0.04999999999999716;0.1;0.055;-0.755298103943514
0.14999999999999147;0.1;0.055;-0.7579538305622704
0.14999999999999147;0.1;0.055;-0.7608375810112714
0.14999999999999147;0.1;0.055;-0.7631403587949309
0.14999999999999147;0.1;0.055;-0.7652178926939935
0.09999999999999432;0.1;0.055;-0.7663514808065713
0.19999999999998863;0.1;0.055;-0.7684628977162172
0.14999999999999147;0.1;0.055;-0.7699402232169706
0.14999999999999147;0.1;0.055;-0.7711402276314087
0.09999999999999432;0.1;0.055;-0.7718516336338105
0.14999999999999147;0.1;0.055;-0.7727202847010033
0.14999999999999147;0.1;0.055;-0.7737646798970728
0.19999999999998863;0.1;0.055;-0.7753698134156709
0.09999999999999432;0.1;0.055;-0.7760518780582347
0.2499999999999858;0.1;0.055;-0.777892574054378
0.14999999999999147;0.1;0.055;-0.7786766677746924
0.09999999999999432;0.1;0.055;-0.7793061780536829
0.14999999999999147;0.1;0.055;-0.7803914006201547
0.14999999999999147;0.1;0.055;-0.781211321206237
0.14999999999999147;0.1;0.055;-0.782069815100997
0.09999999999999432;0.0;0.0;-0.7819973482397401
0.2499999999999858;-0.4712;0.4712;-0.7146026958538267
0.14999999999999147;-0.4308;0.4308;-0.6757756259412249
0.14999999999999147;-0.4075;0.4075;-0.6386203577099836
0.14999999999999147;-0.3852;0.3852;-0.6038178571889575
0.09999999999999432;-0.3643;0.3643;-0.5819617070599196
0.14999999999999147;-0.3512;0.3512;-0.5500175228612223
0.09999999999999432;-0.332;0.332;-0.5301329075421223
0.09999999999999432;-0.3201;0.3201;-0.5109688493503696
0.14999999999999147;-0.3086;0.3086;-0.48388204369038235
0.14999999999999147;-0.2923;0.2923;-0.45700086140845225
0.09999999999999432;-0.2762;0.2762;-0.4404504615288678
0.09999999999999432;-0.2663;0.2663;-0.4246107833340622
0.09999999999999432;-0.2568;0.2568;-0.408848739844066
0.14999999999999147;-0.2473;0.2473;-0.38711925453338125
0.19999999999998863;-0.2343;0.2343;-0.3604202428374112
0.14999999999999147;-0.2182;0.2182;-0.340874036559536
0.2499999999999858;-0.2065;0.2065;-0.3106054135566387
0.14999999999999147;-0.1884;0.1884;-0.29365412756994536
0.14999999999999147;-0.1782;0.1782;-0.2775377827747569
0.14999999999999147;-0.1685;0.1685;-0.2621905542433828
0.14999999999999147;-0.1593;0.1593;-0.24831426500796325
0.14999999999999147;-0.151;0.151;-0.23504029308951285
0.14999999999999147;-0.143;0.143;-0.22262216656430592
0.2499999999999858;-0.1356;0.1356;-0.20226110542138098
0.09999999999999432;-0.1234;0.1234;-0.19511453135887397
0.09999999999999432;-0.1191;0.1191;-0.18795898068667344
0.09999999999999432;-0.1148;0.1148;-0.1808731848699914
0.14999999999999147;-0.1105;0.1105;-0.17073802621781456
0.09999999999999432;-0.1044;0.1044;-0.16436235747151748
0.09999999999999432;-0.1006;0.1006;-0.15812961630239983
0.09999999999999432;-0.1;0.1;-0.15194406780041658
0.19999999999998863;-0.1;0.1;-0.14008041720635614
0.14999999999999147;-0.1;0.1;-0.13135309859124303
0.14999999999999147;-0.1;0.1;-0.12246587034026224
0.09999999999999432;-0.1;0.1;-0.11622225968662248
0.09999999999999432;-0.1;0.1;-0.11032793603131948
0.19999999999998863;-0.1;0.1;-0.09827739569465664
0.09999999999999432;-0.1;0.1;-0.09222220632939539
0.14999999999999147;-0.1;0.1;-0.08387814662266756
0.19999999999998863;-0.1;0.1;-0.0721861871791451
0.09999999999999432;-0.1;0.1;-0.06617964895455611
0.09999999999999432;-0.1;0.1;-0.060235191163130815
0.09999999999999432;-0.1;0.1;-0.054251747818164726
0.09999999999999432;-0.1;0.1;-0.04826433092341044
0.14999999999999147;-0.1;0.1;-0.03964356080761342
0.09999999999999432;-0.1;0.1;-0.033723183896614536
0.09999999999999432;-0.1;0.1;-0.027820810871060007
0.2499999999999929;-0.1;0.1;-0.01278240121953823
0.14999999999999147;-0.1;0.1;-0.0038895846534851702
0.09999999999999432;-0.1;0.1;0.0020550816029076303
0.14999999999999147;0.0;0.0;0.002056337484773454
0.14999999999999147;1.5;1.5;0.015487246408439856
0.14999999999999147;1.6343;1.3657;0.031171510809079615
0.09999999999999432;1.7912;1.2088;0.014027974145068744
0.14999999999999147;1.6197;1.3803;-0.00320300750622568
0.09999999999999432;1.4474;1.5526;-0.007040611949546652
0.14999999999999147;1.409;1.591;0.001757848180029279
0.14999999999999147;1.497;1.503;0.0027119190816637887
0.14999999999999147;1.5066;1.4934;0.002883084274901463
0.09999999999999432;1.5083;1.4917;0.003023410367716484
0.09999999999999432;1.5097;1.4903;0.003132354934426248
0.09999999999999432;1.5108;1.4892;0.003225495655999635
0.14999999999999147;1.5117;1.4883;0.002182450703414881
0.14999999999999147;1.5013;1.4987;0.0010075174691303826
0.14999999999999147;1.4895;1.5105;0.002373396172540217
0.14999999999999147;1.5032;1.4968;0.002062343536992619
0.09999999999999432;1.5001;1.4999;0.0022513480350926382
0.09999999999999432;1.502;1.498;0.0024256948922220787
0.14999999999999147;1.5037;1.4963;0.0032872442249481
0.09999999999999432;1.5123;1.4877;0.0025757985495924577
0.19999999999998863;1.5052;1.4948;0.0004167826895345988
0.09999999999999432;1.4836;1.5164;0.0018581020579677282
0.09999999999999432;1.498;1.502;0.002029518940979578
0.09999999999999432;1.4997;1.5003;0.00214157143939615
0.09999999999999432;1.5009;1.4991;0.002159618113410239
0.19999999999998863;1.501;1.499;0.0018282269648904911
0.09999999999999432;1.4977;1.5023;0.0014635950368898096
0.09999999999999432;1.4941;1.5059;0.0011299340737014481
0.14999999999999147;1.4907;1.5093;0.0011387164656648954
0.14999999999999147;1.4908;1.5092;0.0009604096269382782
0.14999999999999147;1.4891;1.5109;0.0008557041081466584
0.14999999999999147;1.488;1.512;0.001046503952176419
0.09999999999999432;1.4899;1.5101;0.0009084482657996493
0.14999999999999147;1.4885;1.5115;0.0012568113113326348
0.09999999999999432;1.492;1.508;0.0021306510493159193
0.09999999999999432;1.5008;1.4992;0.002563926783692577
0.19999999999998863;1.5051;1.4949;0.00034709404796486
0.14999999999999147;1.4829;1.5171;0.0024537117459620065
0.14999999999999147;1.504;1.496;0.0016474538638976636
0.14999999999999147;1.4959;1.5041;0.0014436332354984655
0.09999999999999432;1.4939;1.5061;0.0015344416926685411
0.19999999999998863;1.4948;1.5052;0.0032029442577802673
0.09999999999999432;1.5115;1.4885;0.002325797438820189
0.09999999999999432;1.5027;1.4973;0.0014463365646805912
0.14999999999999147;1.4939;1.5061;0.0008802021163366271
0.09999999999999432;1.4883;1.5117;0.0011137680669413552
0.09999999999999432;1.4883;1.5117;0.0014894191457350437
0.14999999999999147;-0.4;-0.4;0.002276349027055917
0.14999999999999147;-0.4;-0.4;0.0018289287914485467
0.09999999999999432;-0.4;-0.4;0.0015269091325411188
0.14999999999999147;-0.4;-0.4;0.0017872766935988662
0.09999999999999432;-0.4;-0.4;0.0019632271133888397
0.14999999999999147;-0.4;-0.4;0.0019614148170841294
0.14999999999999147;-0.4;-0.4;0.002101439178661418
0.14999999999999147;-0.4;-0.4;0.002051599264046736
0.14999999999999147;-0.4;-0.4;0.002421590955906087
0.09999999999999432;-0.4;-0.4;0.0025098561154302096
0.09999999999999432;-0.4;-0.4;0.0026578621297442743
0.14999999999999147;-0.4;-0.4;0.0028795747327885705
0.14999999999999147;-0.4;-0.4;0.0030540135381343808
0.14999999999999147;-0.4;-0.4;0.003272176208225294
0.14999999999999147;-0.4;-0.4;0.003994972997166462
0.14999999999999147;-0.4;-0.4;0.004960133501723178
0.14999999999999147;-0.4;-0.4;0.006091732788449762
0.09999999999999432;-0.4;-0.4;0.006401613615978535
0.14999999999999147;-0.4;-0.4;0.006126234572161198
0.09999999999999432;-0.4;-0.4;0.006134733687802585
0.14999999999999147;-0.4;-0.4;0.005799136389887776
0.14999999999999147;-0.4;-0.4;0.0050402251004178274
0.09999999999999432;-0.4;-0.4;0.004608932545642901
0.09999999999999432;-0.4;-0.4;0.004046640599468622
0.14999999999999147;-0.4;-0.4;0.0033135839515360576
0.04999999999999716;-0.4;-0.4;0.0030919665657011563
0.14999999999999147;-0.4;-0.4;0.00255550885061731
0.14999999999999147;-0.4;-0.4;0.002083634457945128
0.14999999999999147;-0.4;-0.4;0.002051793916068268
0.09999999999999432;-0.4;-0.4;0.0017814043543755414
0.14999999999999147;-0.4;-0.4;0.001519472948740931
0.09999999999999432;-0.4;-0.4;0.0012766939611816189
0.09999999999999432;-0.4;-0.4;0.0009167943610947811
0.09999999999999432;-0.4;-0.4;0.00044040862299089324
0.09999999999999432;-0.4;-0.4;2.7445210419654972e-05
0.09999999999999432;-0.4;-0.4;-0.0005468472921028841
0.19999999999998863;-0.4;-0.4;-0.0018470613614984324
0.09999999999999432;-0.4;-0.4;-0.0024556483587202744
0.14999999999999147;-0.4;-0.4;-0.0035576161930580014
0.09999999999999432;-0.4;-0.4;-0.0043453111665434675
0.09999999999999432;-0.4;-0.4;-0.005099087906503146
0.09999999999999432;-0.4;-0.4;-0.005848715352016944
0.09999999999999432;-0.4;-0.4;-0.006594328386998961
0.09999999999999432;-0.4;-0.4;-0.007350998186378835
0.19999999999998863;-0.4;-0.4;-0.008465425509862705
0.14999999999999147;-0.4;-0.4;-0.008918084959399126
0.09999999999999432;-0.4;-0.4;-0.009241658059215958
0.09999999999999432;-0.4;-0.4;-0.009969566439592152
0.09999999999999432;-0.4;-0.4;-0.01069230230017598
0.09999999999999432;-0.4;-0.4;-0.010944106434967802
0.14999999999999147;-0.4;-0.4;-0.011195059772321249
0.09999999999999432;-0.4;-0.4;-0.011616351488402983
0.14999999999999147;-0.4;-0.4;-0.012591866637251967
0.09999999999999432;-0.4;-0.4;-0.013228241255427384
0.09999999999999432;-0.4;-0.4;-0.013535791876951218
0.09999999999999432;-0.4;-0.4;-0.013641670626970186
0.14999999999999147;-0.4;-0.4;-0.013706081884354977
0.09999999999999432;-0.4;-0.4;-0.013793899532697376
0.09999999999999432;-0.4;-0.4;-0.013869748885336555
0.09999999999999432;-0.4;-0.4;-0.01404948173544057
0.09999999999999432;-0.4;-0.4;-0.013793566748515399
0.14999999999999147;0.8;-0.8;-0.051332477702721216
0.14999999999999147;0.8;-0.8;-0.11864506291305246
0.09999999999999432;0.8;-0.8;-0.16604206459712353
0.09999999999999432;0.8;-0.8;-0.21486896425974097
0.09999999999999432;0.8;-0.8;-0.2623725348524226
0.14999999999999147;0.8;-0.8;-0.33372336019189824
0.14999999999999147;0.8;-0.8;-0.40519119289357286
0.14999999999999147;0.8;-0.8;-0.47654409377473467
0.19999999999998863;0.8;-0.8;-0.5712301337384409
0.14999999999999147;0.8;-0.8;-0.6429102653295867
0.09999999999999432;0.8;-0.8;-0.6910198383545783
0.14999999999999147;0.8;-0.8;-0.7629517028275766
0.09999999999999432;0.8;-0.8;-0.8107939587611255
0.09999999999999432;0.8;-0.8;-0.8590643227256651
0.09999999999999432;0.8;-0.8;-0.9071411814611792
0.09999999999999432;0.8;-0.8;-0.9549371400503913
0.14999999999999147;0.8;-0.8;-1.0275775621500167
0.09999999999999432;0.8;-0.8;-1.0757108788178351
0.14999999999999147;0.8;-0.8;-1.1475494709082603
0.09999999999999432;0.8;-0.8;-1.1954546436368583
0.14999999999999147;0.8;-0.8;-1.2673300184300442
0.14999999999999147;0.8;-0.8;-1.3381386685929377
0.09999999999999432;0.8;-0.8;-1.3857251616715704
0.19999999999998863;0.8;-0.8;-1.4808164989699772
0.14999999999999147;0.8;-0.8;-1.5520655179916218
0.14999999999999147;0.8;-0.8;-1.6245372980640265
0.14999999999999147;0.8;-0.8;-1.695457879840958
0.14999999999999147;0.8;-0.8;-1.7664965033157785
0.14999999999999147;0.8;-0.8;-1.8382864917605037
0.14999999999999147;0.7813;-0.7813;-1.9082145407420625
0.09999999999999432;0.7394;-0.7394;-1.9524022176907299
0.19999999999998863;0.7128;-0.7128;-2.0369013969662655
0.14999999999999147;0.6621;-0.6621;-2.095714803688786
0.09999999999999432;0.6269;-0.6269;-2.1335468609227743
0.14999999999999147;0.6042;-0.6042;-2.18767012236385
0.09999999999999432;0.5717;-0.5717;-2.2221865807945647
0.14999999999999147;0.551;-0.551;-2.2713735135047517
0.14999999999999147;0.5215;-0.5215;-2.318103169878527
0.19999999999998863;0.4934;-0.4934;-2.3767212306032044
0.14999999999999147;0.4583;-0.4583;-2.4177374673213556
0.09999999999999432;0.4336;-0.4336;-2.4431239012213095
0.09999999999999432;0.4184;-0.4184;-2.4683341585921355
0.09999999999999432;0.4033;-0.4033;-2.492164833920957
0.14999999999999147;0.389;-0.389;-2.5269500008029153
0.09999999999999432;0.3681;-0.3681;-2.5484499975850285
0.14999999999999147;0.3552;-0.3552;-2.57952856574842
0.09999999999999432;0.3366;-0.3366;-2.5994822001465776
0.2499999999999858;0.3246;-0.3246;-2.647576235360445
0.14999999999999147;0.2957;-0.2957;-2.6741414358733917
0.09999999999999432;0.2798;-0.2798;-2.690768139622526
0.14999999999999147;0.2698;-0.2698;-2.7154932410634802
0.19999999999998863;0.255;-0.255;-2.7459642996032083
0.19999999999998863;0.2367;-0.2367;-2.7744343468969257
0.09999999999999432;0.2196;-0.2196;-2.787591358664876
0.3499999999999801;0.2117;-0.2117;-2.8325671950226448
0.14999999999999147;0.2;-0.2;-2.8508587778750227
0.19999999999998863;0.2;-0.2;-2.8748249484764723
0.09999999999999432;0.2;-0.2;-2.886885011056232
0.09999999999999432;0.2;-0.2;-2.898724996127057
0.09999999999999432;0.2;-0.2;-2.9105080124232083
0.09999999999999432;0.2;-0.2;-2.9228355617054538
0.14999999999999147;0.2;-0.2;-2.9406223703260754
0.09999999999999432;0.2;-0.2;-2.952988787021267
0.14999999999999147;0.2;-0.2;-2.9709495077476116
0.14999999999999147;0.2;-0.2;-2.9881379782132957
0.09999999999999432;0.2;-0.2;-3.000001727372771
0.14999999999999147;0.2;-0.2;-3.017993261206519
0.09999999999999432;0.2;-0.2;-3.029589320370596
0.09999999999999432;0.2;-0.2;-3.041583566856105
0.14999999999999147;0.2;-0.2;-3.0594196651404766
0.14999999999999147;0.2;-0.2;-3.076917926021515
0.14999999999999147;0.2;-0.2;-3.0945941515031956
0.19999999999998863;0.2;-0.2;-3.1182546267254523
0.09999999999999432;0.2;-0.2;-3.1300017407200214
0.09999999999999432;0.2;-0.2;-3.141587348196133
0.14999999999999147;0.0;0.0;-3.1414278262228046
0.14999999999999147;1.4905;1.5095;-3.131472747689887
0.14999999999999147;1.5901;1.4099;-3.129244483523236
0.19999999999998863;1.6123;1.3877;-3.139195866584219
0.14999999999999147;1.5128;1.4872;-3.139660429235779
0.09999999999999432;1.5082;1.4918;-3.1392987129777272
0.09999999999999432;1.5118;1.4882;-3.1395782723204144
0.14999999999999147;1.509;1.491;-3.141510823432121
0.14999999999999147;1.4897;1.5103;-3.1410894444808144
0.09999999999999432;1.4939;1.5061;-3.1414763271254458
0.09999999999999432;1.49;1.51;-3.1417148201823366
0.14999999999999147;1.4876;1.5124;-3.141858639431338
0.14999999999999147;1.4862;1.5138;-3.1418373770591277
0.14999999999999147;1.4864;1.5136;-3.1418172103298527
0.14999999999999147;1.4866;1.5134;-3.1418261675528787
0.09999999999999432;1.4865;1.5135;-3.141826360863283
0.14999999999999147;1.4865;1.5135;-3.141804505542837
0.09999999999999432;1.4867;1.5133;-3.141816740880179
0.19999999999998863;1.4866;1.5134;-3.1418313197131678
0.14999999999999147;1.4865;1.5135;-3.141851319618152
0.14999999999999147;1.4863;1.5137;-3.1418254844998987
0.14999999999999147;1.4865;1.5135;-3.141824469028142
0.09999999999999432;1.4865;1.5135;-3.1418360291552
0.09999999999999432;1.4864;1.5136;-3.1418421170206274
0.14999999999999147;1.4864;1.5136;-3.1418186001561454
0.14999999999999147;1.4866;1.5134;-3.1418460466821587
0.2499999999999858;1.4863;1.5137;-3.1418265164701067
0.09999999999999432;1.4865;1.5135;-3.141816205463362
0.09999999999999432;1.4866;1.5134;-3.1418161416772104
0.09999999999999432;1.4866;1.5134;-3.1418286751253426
0.14999999999999147;1.4865;1.5135;-3.141827663244352
0.14999999999999147;1.4865;1.5135;-3.14183831618303
0.09999999999999432;1.4864;1.5136;-3.1418440599627493
0.09999999999999432;1.4863;1.5137;-3.141842135254516
0.2499999999999858;1.4864;1.5136;-3.141787452456359
0.09999999999999432;1.4869;1.5131;-3.1418538172549524
0.14999999999999147;1.4863;1.5137;-3.141823320646197
0.19999999999998863;1.4866;1.5134;-3.141817062033396
0.09999999999999432;1.4866;1.5134;-3.1418171721992003
0.14999999999999147;1.4866;1.5134;-3.1418324800019084
0.14999999999999147;1.4865;1.5135;-3.141846238670052
0.2499999999999858;1.4863;1.5137;-3.141785520088974
0.09999999999999432;1.4869;1.5131;-3.1418530181106274
0.09999999999999432;1.4869;1.5131;-3.1381978137206517
0.09999999999999432;-0.4;-0.4;-3.1386865382842544
0.09999999999999432;-0.4;-0.4;-3.13840477046216
0.09999999999999432;-0.4;-0.4;-3.1378681880300903
0.14999999999999147;-0.4;-0.4;-3.1379935139443162
0.19999999999998863;-0.4;-0.4;-3.139150894565392
0.14999999999999147;-0.4;-0.4;-3.1402708989740185
0.09999999999999432;-0.4;-0.4;-3.140548213540821
0.14999999999999147;-0.4;-0.4;-3.1406077372180397
0.14999999999999147;-0.4;-0.4;-3.1407641928471013
0.14999999999999147;-0.4;-0.4;-3.140690444773041
0.09999999999999432;-0.4;-0.4;-3.1406764363600805
0.14999999999999147;-0.4;-0.4;-3.140606974731458
0.19999999999998863;-0.4;-0.4;-3.1406816957420998
0.09999999999999432;-0.4;-0.4;-3.1406417577608714
0.09999999999999432;-0.4;-0.4;-3.1409073246087726
0.09999999999999432;-0.4;-0.4;-3.1417030067037004
0.14999999999999147;-0.4;-0.4;-3.142872201332256
0.09999999999999432;-0.4;-0.4;-3.143655378550722
0.09999999999999432;0.4702;-0.4702;-3.15580504463761
0.09999999999999432;0.4629;-0.4629;-3.18097632487162
0.2499999999999858;0.4478;-0.4478;-3.2477280274691935
0.19999999999998863;0.4077;-0.4077;-3.2969240106044344
0.09999999999999432;0.3782;-0.3782;-3.319353660923809
0.09999999999999432;0.3647;-0.3647;-3.3410776107501405
0.09999999999999432;0.3517;-0.3517;-3.3626453043825277
0.09999999999999432;0.3388;-0.3388;-3.383186704755511
0.19999999999998863;0.3264;-0.3264;-3.4220419963804294
0.14999999999999147;0.3031;-0.3031;-3.4486185927318656
0.14999999999999147;0.2872;-0.2872;-3.47381576182491
0.14999999999999147;0.2721;-0.2721;-3.498194592563316
0.09999999999999432;0.2574;-0.2574;-3.513658719343414
0.14999999999999147;0.2482;-0.2482;-3.5357848191392054
0.14999999999999147;0.2349;-0.2349;-3.557028697744549
0.09999999999999432;0.2221;-0.2221;-3.570355751118591
0.09999999999999432;0.2141;-0.2141;-3.582883688457765
0.2499999999999858;0.2066;-0.2066;-3.613871332344934
0.14999999999999147;0.188;-0.188;-3.630775886742405
0.09999999999999432;0.1779;-0.1779;-3.641143179863125
0.14999999999999147;0.1717;-0.1717;-3.6562287020521937
0.09999999999999432;0.1626;-0.1626;-3.665710254616394
0.14999999999999147;0.1569;-0.1569;-3.67960461461828
0.14999999999999147;0.1486;-0.1486;-3.6924851069921685
0.19999999999998863;0.1409;-0.1409;-3.7089461958483962
0.19999999999998863;0.131;-0.131;-3.7244414593561728
0.09999999999999432;0.1217;-0.1217;-3.7316086007972893
0.14999999999999147;0.1174;-0.1174;-3.742077552304528
0.14999999999999147;0.1111;-0.1111;-3.751881213714665
0.09999999999999432;0.1052;-0.1052;-3.758035988543754
0.09999999999999432;0.1015;-0.1015;-3.764066240094279
0.09999999999999432;0.1;-0.1;-3.769952977768182
0.14999999999999147;0.1;-0.1;-3.778784842265613
0.2499999999999858;0.1;-0.1;-3.7934355356413247
0.09999999999999432;0.1;-0.1;-3.7993134751545474
0.09999999999999432;0.1;-0.1;-3.805179681532839
0.14999999999999147;0.1;-0.1;-3.8142495596886015
0.19999999999998863;0.1;-0.1;-3.826005788552387
0.09999999999999432;0.1;-0.1;-3.831986063290021
0.14999999999999147;0.1;-0.1;-3.8410143486174584
0.14999999999999147;0.1;-0.1;-3.8500310075077064
0.14999999999999147;0.1;-0.1;-3.8590476180630837
0.14999999999999147;0.1;-0.1;-3.8680687591173997
0.19999999999998863;0.1;-0.1;-3.8801089122905172
0.19999999999998863;0.1;-0.1;-3.892338220289814
0.14999999999999147;0.1;-0.1;-3.9013522240672205
0.14999999999999147;0.1;-0.1;-3.9104480543857623
0.09999999999999432;0.1;-0.1;-3.9165067419810113
0.19999999999998863;0.1;-0.1;-3.928815189432592
0.09999999999999432;0.0;0.0;-3.928815313043627
0.14999999999999147;0.5184;0.9425;-3.9291852841171457
0.14999999999999147;0.5185;0.9427;-3.9153532891848135
0.09999999999999432;0.5139;0.9344;-3.902227825189124
0.14999999999999147;0.5096;0.9265;-3.8828999518454284
0.09999999999999432;0.5032;0.9149;-3.8696475928535823
0.19999999999998863;0.4988;0.907;-3.8444075638708606
0.14999999999999147;0.4905;0.8918;-3.8263810997074725
0.14999999999999147;0.4846;0.881;-3.808138032355193
0.14999999999999147;0.4785;0.8701;-3.791190644182262
0.14999999999999147;0.4729;0.8599;-3.7746922694343645
0.14999999999999147;0.4675;0.85;-3.7575924376059238
0.14999999999999147;0.4619;0.8397;-3.741226782751936
0.14999999999999147;0.4565;0.8299;-3.7249231969925467
0.19999999999998863;0.4511;0.8201;-3.7030025971283553
0.14999999999999147;0.4438;0.807;-3.6869939148700763
0.14999999999999147;0.4386;0.7974;-3.671209270179605
0.14999999999999147;0.4334;0.7879;-3.655787552764531
0.14999999999999147;0.4283;0.7787;-3.640250176613541
0.09999999999999432;0.4231;0.7693;-3.629780030614166
0.14999999999999147;0.4197;0.7631;-3.6142347045397405
0.19999999999998863;0.4146;0.7537;-3.5937726276671396
0.14999999999999147;0.4078;0.7415;-3.5785654755137384
0.09999999999999432;0.4028;0.7323;-3.568800621517615
0.09999999999999432;0.3996;0.7265;-3.5588901514092757
0.09999999999999432;0.3963;0.7205;-3.5496967277242617
0.09999999999999432;0.3933;0.715;-3.5404474762187683
0.09999999999999432;0.3902;0.7095;-3.531178656648264
0.14999999999999147;0.3871;0.7039;-3.51749623554197
0.09999999999999432;0.3826;0.6957;-3.508526803356986
0.19999999999998863;0.3797;0.6903;-3.491015491927292
0.14999999999999147;0.3739;0.6798;-3.4784674468653813
0.09999999999999432;0.3697;0.6723;-3.470370808094509
0.09999999999999432;0.3671;0.6674;-3.462490862169367
0.14999999999999147;0.3645;0.6627;-3.4498537512168848
0.14999999999999147;0.3603;0.6551;-3.436958997768017
0.14999999999999147;0.3561;0.6474;-3.424016683733479
0.14999999999999147;0.3518;0.6396;-3.411220886202134
0.14999999999999147;0.3476;0.6319;-3.3985709250717986
0.14999999999999147;0.3434;0.6243;-3.3857985386356333
0.09999999999999432;0.3392;0.6167;-3.3773162087256927
0.09999999999999432;0.3364;0.6116;-3.3691422859627247
0.09999999999999432;0.3337;0.6067;-3.360745668263473
0.19999999999998863;0.3309;0.6016;-3.344604621389691
0.09999999999999432;0.3256;0.592;-3.336688412209138
0.14999999999999147;0.323;0.5872;-3.3257697435986677
0.14999999999999147;0.3194;0.5807;-3.3142158292332464
0.09999999999999432;0.3155;0.5737;-3.3064812725229604
0.19999999999998863;0.313;0.5691;-3.2912541488392084
0.09999999999999432;0.308;0.5599;-3.283782349226137
0.09999999999999432;0.3055;0.5555;-3.2761857435532127
0.14999999999999147;0.303;0.5509;-3.264633301535493
0.09999999999999432;0.2992;0.544;-3.2570626900536763
0.14999999999999147;0.2967;0.5394;-3.245649255287383
0.14999999999999147;0.2929;0.5326;-3.234672078415629
0.14999999999999147;0.2893;0.526;-3.2234393733612405
0.09999999999999432;0.2856;0.5193;-3.216156375695787
0.14999999999999147;0.2832;0.5149;-3.205077714343479
0.14999999999999147;0.2795;0.5082;-3.1941113340727454
0.09999999999999432;0.2759;0.5017;-3.1868953514278613
0.14999999999999147;0.2735;0.4973;-3.176219216130354
0.14999999999999147;0.27;0.4909;-3.1663387036867796
0.19999999999998863;0.2667;0.485;-3.1527632912743413
0.09999999999999432;0.2623;0.4768;-3.146007074633017
0.14999999999999147;0.26;0.4728;-3.1358538931137425
0.14999999999999147;0.2567;0.4667;-3.125863813832884
0.14999999999999147;0.2534;0.4607;-3.1163082438246597
0.14999999999999147;0.2502;0.455;-3.1066830108986236
0.14999999999999147;0.2471;0.4492;-3.0972565199061415
0.14999999999999147;0.2439;0.4435;-3.087928898729151
0.2499999999999858;0.2409;0.4379;-3.07266653283722
0.09999999999999432;0.2358;0.4288;-3.0666102297281186
0.09999999999999432;0.2338;0.4252;-3.06074534820352
0.09999999999999432;0.2319;0.4216;-3.0549146138834407
0.2499999999999858;0.23;0.4181;-3.0406401980184445
0.19999999999998863;0.2253;0.4096;-3.0296469615865593
0.09999999999999432;0.2216;0.403;-3.0241840771137944
0.14999999999999147;0.2198;0.3997;-3.016177665759716
0.09999999999999432;0.2172;0.3949;-3.0109188054722407
0.19999999999998863;0.2155;0.3917;-3.0014519331305176
0.14999999999999147;0.2123;0.3861;-2.994096524877212
0.09999999999999432;0.2099;0.3816;-2.9894942068765094
0.09999999999999432;0.2084;0.3789;-2.984395429256211
0.09999999999999432;0.2067;0.3758;-2.9797013927059983
0.09999999999999432;0.2052;0.373;-2.974998578868634
0.09999999999999432;0.2036;0.3702;-2.9704277076065653
0.14999999999999147;0.2021;0.3674;-2.9638638433092512
0.14999999999999147;0.1999;0.3635;-2.956161368818886
0.09999999999999432;0.1974;0.3589;-2.9506817173355717
0.14999999999999147;0.1956;0.3556;-2.942918463013885
0.09999999999999432;0.193;0.3509;-2.93781556437967
0.09999999999999432;0.1913;0.3479;-2.9333499084781454
0.14999999999999147;0.1899;0.3452;-2.927098975028887
0.09999999999999432;0.1878;0.3414;-2.9222488190805254
0.09999999999999432;0.1862;0.3385;-2.917430449654853
0.19999999999998863;0.1846;0.3356;-2.907985180235516
0.14999999999999147;0.1815;0.33;-2.900993981553599
0.19999999999998863;0.1792;0.3258;-2.8917046475445853
0.09999999999999432;0.1761;0.3202;-2.8869945086755213
0.09999999999999432;0.1746;0.3174;-2.8823861535648083
0.19999999999998863;0.173;0.3146;-2.873114614827143
0.09999999999999432;0.17;0.3091;-2.86858469133033
0.14999999999999147;0.1685;0.3063;-2.861661906338594
0.19999999999998863;0.1662;0.3022;-2.852656080464335
0.14999999999999147;0.1632;0.2968;-2.8458422001132297
0.14999999999999147;0.161;0.2927;-2.8391637041184445
0.09999999999999432;0.1588;0.2887;-2.83491210070747
0.14999999999999147;0.1574;0.2861;-2.8283226142523192
0.14999999999999147;0.1552;0.2822;-2.822325925406286
0.14999999999999147;0.1532;0.2786;-2.8165487675648615
0.14999999999999147;0.1513;0.2751;-2.810841961374669
0.14999999999999147;0.1494;0.2717;-2.8053661954845523
0.14999999999999147;0.1476;0.2684;-2.800058143950848
0.19999999999998863;0.1459;0.2652;-2.793337468078293
0.09999999999999432;0.1437;0.2612;-2.7901040921835065
0.14999999999999147;0.1426;0.2593;-2.7853756085773034
0.09999999999999432;0.141;0.2564;-2.781932859206345
0.14999999999999147;0.1399;0.2543;-2.7765621105873177
0.14999999999999147;0.1381;0.2511;-2.7708910806883886
0.14999999999999147;0.1362;0.2477;-2.7651758188550812
0.14999999999999147;0.1344;0.2443;-2.7593926162195883
0.09999999999999432;0.1325;0.2408;-2.7559061905159985
0.14999999999999147;0.1313;0.2387;-2.750990873969281
0.14999999999999147;0.1297;0.2358;-2.746411499710289
0.09999999999999432;0.1282;0.233;-2.7435727234443132
0.14999999999999147;0.1272;0.2313;-2.7396926480153816
0.19999999999998863;0.126;0.229;-2.7343873397784098
0.14999999999999147;0.1242;0.2258;-2.730889084894991
0.14999999999999147;0.123;0.2237;-2.7272465755501702
0.14999999999999147;0.1218;0.2215;-2.7231952493353044
0.09999999999999432;0.1205;0.2191;-2.7203813486974533
0.14999999999999147;0.1196;0.2174;-2.7158023231109243
0.09999999999999432;0.1181;0.2147;-2.7127820180797864
0.09999999999999432;0.1171;0.2129;-2.709784837483427
0.14999999999999147;0.1161;0.2111;-2.7053149405051675
0.19999999999998863;0.1146;0.2084;-2.6994036322363253
0.09999999999999432;0.1127;0.2048;-2.6964589919946635
0.14999999999999147;0.1117;0.2031;-2.692698478959982
0.09999999999999432;0.1104;0.2008;-2.6898059195404898
0.14999999999999147;0.1095;0.1991;-2.6864442537405284
0.14999999999999147;0.1084;0.1971;-2.683241490004531
0.09999999999999432;0.1073;0.1951;-2.681154041785667
0.14999999999999147;0.1066;0.1939;-2.6781034405944744
0.19999999999998863;0.1056;0.1921;-2.6741334182183487
0.14999999999999147;0.1043;0.1897;-2.6712387200930308
0.14999999999999147;0.1034;0.1879;-2.6684134933907355
0.14999999999999147;0.1024;0.1862;-2.6656484246764456
0.14999999999999147;0.1015;0.1846;-2.6629715793794912
0.09999999999999432;0.1006;0.183;-2.6612214474048996
0.14999999999999147;0.1001;0.1819;-2.658656786661092
0.19999999999998863;0.0992;0.1804;-2.655297692085693
0.14999999999999147;0.0981;0.1784;-2.652795509756047
0.14999999999999147;0.0973;0.1769;-2.65031079665636
0.14999999999999147;0.0965;0.1754;-2.647842002458202
0.09999999999999432;0.0956;0.1739;-2.6462056011533615
0.14999999999999147;0.0951;0.1729;-2.6437591078725546
0.09999999999999432;0.0943;0.1714;-2.6421442113655447
0.14999999999999147;0.0938;0.1705;-2.639728457297111
0.19999999999998863;0.093;0.169;-2.636521300961672
0.14999999999999147;0.0919;0.1671;-2.634144144723206
0.14999999999999147;0.0911;0.1657;-2.6317795386748406
0.09999999999999432;0.0903;0.1643;-2.6302172446207637
0.14999999999999147;0.0898;0.1633;-2.6278856233199903
0.09999999999999432;0.0891;0.1619;-2.626340429163109
0.14999999999999147;0.0885;0.161;-2.6240359091578074
0.19999999999998863;0.0878;0.1596;-2.6209771724891153
0.09999999999999432;0.0868;0.1578;-2.6194541209863673
0.09999999999999432;0.0863;0.1569;-2.6179471584771457
0.09999999999999432;0.0858;0.156;-2.616447255288231
0.09999999999999432;0.0853;0.1551;-2.6149529983401436
0.09999999999999432;0.0848;0.1542;-2.6134633717392806
0.14999999999999147;0.0843;0.1533;-2.6112373314656017
0.10000000000000853;0.0836;0.1519;-2.6097565285937483
0.20000000000004547;0.0831;0.151;-2.606800728862604
0.10000000000002274;0.0821;0.1493;-2.605327966587546
0.1500000000000341;0.0816;0.1484;-2.60314219773116
0.10000000000002274;0.0809;0.1471;-2.601690389879014
0.1500000000000341;0.0804;0.1462;-2.5995310370665274
0.1500000000000341;0.0797;0.1449;-2.5973862104541383
0.1500000000000341;0.079;0.1436;-2.5952522575290335
0.10000000000002274;0.0783;0.1423;-2.593840647553472
0.20000000000004547;0.0778;0.1415;-2.5910412206897453
0.10000000000002274;0.0769;0.1398;-2.589645927185122
0.1500000000000341;0.0764;0.139;-2.5875693720339523
0.1500000000000341;0.0758;0.1377;-2.5855083749044905
0.1500000000000341;0.0751;0.1365;-2.5834615993297345
0.10000000000002274;0.0744;0.1353;-2.5821001148992404
0.1500000000000341;0.0739;0.1344;-2.58007521952147
0.20000000000004547;0.0733;0.1332;-2.57739609843784
0.20000000000004547;0.0724;0.1316;-2.574734256284825
0.1500000000000341;0.0715;0.13;-2.572744482693486
0.10000000000002274;0.0709;0.1288;-2.571561797200577
0.1500000000000341;0.0705;0.1281;-2.5698958049941902
0.10000000000002274;0.0699;0.1271;-2.5687254552034187
0.10000000000002274;0.0695;0.1264;-2.5676384422891103
0.1500000000000341;0.0692;0.1258;-2.566272465022509
0.1500000000000341;0.0687;0.125;-2.5647039594139267
0.25000000000005684;0.0682;0.124;-2.5622171363652657
0.10000000000002274;0.0674;0.1225;-2.561249005505215
0.1500000000000341;0.0671;0.1219;-2.559912280343466
0.1500000000000341;0.0666;0.1211;-2.5586140897987586
0.10000000000002274;0.0662;0.1204;-2.5577601693928034
0.1500000000000341;0.0659;0.1198;-2.556490766553268
0.10000000000002274;0.0655;0.1191;-2.5556790615874445
0.20000000000004547;0.0652;0.1186;-2.553856660260201
0.1500000000000341;0.0646;0.1175;-2.552467970850393
0.1500000000000341;0.0642;0.1167;-2.5510866702238078
0.1500000000000341;0.0637;0.1158;-2.54985421702338
0.20000000000004547;0.0633;0.1151;-2.547725136691389
0.10000000000002274;0.0626;0.1138;-2.546609819219876
0.05000000000001137;0.0622;0.1132;-2.5461052598961267
0.20000000000004547;0.0621;0.1129;-2.5447604407511624
0.20000000000004547;0.0616;0.112;-2.543275895610821
0.1500000000000341;0.0611;0.1112;-2.542193044335637
0.1500000000000341;0.0608;0.1105;-2.5411180051243005
0.1500000000000341;0.0604;0.1099;-2.5397615798591757
0.1500000000000341;0.06;0.109;-2.53834649800078
0.1500000000000341;0.0595;0.1082;-2.5369802717057643
0.1500000000000341;0.0591;0.1074;-2.535648166609324
0.25000000000005684;0.0586;0.1066;-2.5338883846662257
0.1500000000000341;0.058;0.1055;-2.532736141783042
0.1500000000000341;0.0577;0.1048;-2.5314626684451595
0.10000000000002274;0.0572;0.1041;-2.530440159510417
0.10000000000002274;0.0569;0.1035;-2.529367582343755
0.20000000000004547;0.0565;0.1028;-2.5265779248138713
0.10000000000002274;0.0556;0.1011;-2.52512637344128
0.10000000000002274;0.0551;0.1003;-2.523714610644996
0.20000000000004547;0.055;0.1;-2.5202484802922696
0.20000000000004547;0.055;0.1;-2.5167869803333978
0.10000000000002274;0.055;0.1;-2.515124516939773
0.1500000000000341;0.055;0.1;-2.512876056764187
0.1500000000000341;0.055;0.1;-2.5104585677997795
0.10000000000002274;0.055;0.1;-2.508942005812406
0.1500000000000341;0.055;0.1;-2.5069544394178567
0.10000000000002274;0.055;0.1;-2.505728463828416
0.1500000000000341;0.055;0.1;-2.50419692868213
0.1500000000000341;0.055;0.1;-2.5029737107457004
0.1500000000000341;0.055;0.1;-2.501924080578242
0.10000000000002274;0.055;0.1;-2.5011976871218065
0.10000000000002274;0.055;0.1;-2.5004102636305943
0.10000000000002274;0.055;0.1;-2.499042688241687
0.1500000000000341;0.055;0.1;-2.4965060260746723
0.1500000000000341;0.055;0.1;-2.4941023897030146
0.20000000000004547;0.055;0.1;-2.4911298757718057
0.20000000000004547;0.055;0.1;-2.48733958765526
0.10000000000002274;0.055;0.1;-2.485408721602797
0.10000000000002274;0.055;0.1;-2.483537454720894
0.10000000000002274;0.055;0.1;-2.4817744213627235
0.10000000000002274;0.055;0.1;-2.48003241912939
0.10000000000002274;0.055;0.1;-2.478357541870429
0.20000000000004547;0.055;0.1;-2.4750180233479
0.10000000000002274;0.055;0.1;-2.4733722496445765
0.1500000000000341;0.055;0.1;-2.4708099577000624
0.10000000000002274;0.055;0.1;-2.4692167059856045
0.1500000000000341;0.055;0.1;-2.4663289441232106
0.1500000000000341;0.055;0.1;-2.4636472897062403
0.10000000000002274;0.055;0.1;-2.461792728934712
0.1500000000000341;0.055;0.1;-2.4589717106869773
0.1500000000000341;0.055;0.1;-2.456099790505398
0.10000000000002274;0.055;0.1;-2.45420485369448
0.1500000000000341;0.055;0.1;-2.4513625739905245
0.10000000000002274;0.055;0.1;-2.449441118805549
0.10000000000002274;0.055;0.1;-2.4476039409623946
0.20000000000004547;0.055;0.1;-2.4438971586470397
0.10000000000002274;0.055;0.1;-2.442013148578727
0.1500000000000341;0.055;0.1;-2.4392122026323184
0.10000000000002274;0.055;0.1;-2.4373048863494784
0.1500000000000341;0.055;0.1;-2.434411883967383
0.20000000000004547;0.055;0.1;-2.430541882158522
0.10000000000002274;0.055;0.1;-2.4287037254112227
0.1500000000000341;0.055;0.1;-2.425880157850038
0.20000000000004547;0.055;0.1;-2.4220331408928595
0.1500000000000341;0.055;0.1;-2.4192041999776706
0.10000000000002274;0.055;0.1;-2.4172660338916425
0.10000000000002274;0.055;0.1;-2.4155085643136758
0.10000000000002274;0.055;0.1;-2.413594592751183
0.25000000000005684;0.055;0.1;-2.4088979842657023
0.10000000000002274;0.055;0.1;-2.4070249200618674
0.1500000000000341;0.055;0.1;-2.4041938070473234
0.10000000000002274;0.055;0.1;-2.402310564777733
0.10000000000002274;0.055;0.1;-2.40043082577624
0.1500000000000341;0.055;0.1;-2.397649728281951
0.10000000000002274;0.055;0.1;-2.395797442265974
0.20000000000004547;0.055;0.1;-2.3927461531878595
0.20000000000004547;0.055;0.1;-2.388959005346516
0.10000000000002274;0.055;0.1;-2.387055123436108
0.1500000000000341;0.055;0.1;-2.384143614366919
0.10000000000002274;0.055;0.1;-2.382216772105012
0.20000000000004547;0.055;0.1;-2.3783365450555016
0.1500000000000341;0.055;0.1;-2.375402843665598
0.20000000000004547;0.055;0.1;-2.371739318839428
0.20000000000004547;0.055;0.1;-2.368117143674932
0.10000000000002274;0.055;0.1;-2.3662597641470278
0.10000000000002274;0.055;0.1;-2.364364354159799
0.1500000000000341;0.055;0.1;-2.36143282927926
0.10000000000002274;0.0;0.0;-2.3613603091196445
0.1500000000000341;0.4713;-0.4713;-2.3869230084359256
0.10000000000002274;0.4559;-0.4559;-2.4107010741302544
0.20000000000004547;0.4417;-0.4417;-2.4590162748248097
0.1500000000000341;0.4127;-0.4127;-2.49415544953667
0.1500000000000341;0.3916;-0.3916;-2.5272194275134394
0.10000000000002274;0.3718;-0.3718;-2.548184876711652
0.10000000000002274;0.3592;-0.3592;-2.5690338462676383
0.1500000000000341;0.3467;-0.3467;-2.599145174262699
0.1500000000000341;0.3286;-0.3286;-2.627753235757276
0.1500000000000341;0.3114;-0.3114;-2.654624375151874
0.20000000000004547;0.2953;-0.2953;-2.6881178259768754
0.10000000000002274;0.2752;-0.2752;-2.7039854335116087
0.10000000000002274;0.2657;-0.2657;-2.719320560548353
0.10000000000002274;0.2565;-0.2565;-2.7341774416607776
0.1500000000000341;0.2476;-0.2476;-2.7555515521170504
0.1500000000000341;0.2348;-0.2348;-2.775948567981575
0.10000000000002274;0.2225;-0.2225;-2.7887296415547516
0.1500000000000341;0.2149;-0.2149;-2.8071221476873363
0.20000000000004547;0.2038;-0.2038;-2.8301881901060923
0.20000000000004547;0.19;-0.19;-2.851636647488023
0.1500000000000341;0.1771;-0.1771;-2.8667339024680865
0.10000000000002274;0.1681;-0.1681;-2.876343047736971
0.10000000000002274;0.1623;-0.1623;-2.8864482226626036
0.10000000000002274;0.1562;-0.1562;-2.896261353097714
0.10000000000002274;0.1503;-0.1503;-2.90561131638835
0.10000000000002274;0.1447;-0.1447;-2.9145871097051717
0.20000000000004547;0.1393;-0.1393;-2.9319212893510644
0.1500000000000341;0.1289;-0.1289;-2.943938527496049
0.10000000000002274;0.1217;-0.1217;-2.9514555179256887
0.10000000000002274;0.1172;-0.1172;-2.958642283615835
0.1500000000000341;0.1129;-0.1129;-2.9690198868637996
0.10000000000002274;0.1067;-0.1067;-2.97530600844522
0.1500000000000341;0.1029;-0.1029;-2.984038423686315
0.20000000000004547;0.1;-0.1;-2.9953595884199316
0.20000000000004547;0.1;-0.1;-3.0069208535153513
0.10000000000002274;0.1;-0.1;-3.0124853579784223
0.1500000000000341;0.1;-0.1;-3.021138966867595
0.20000000000004547;0.1;-0.1;-3.033933889998067
0.10000000000002274;0.1;-0.1;-3.0393597083328516
0.1500000000000341;0.1;-0.1;-3.047456598595302
0.1500000000000341;0.1;-0.1;-3.055610779628696
0.1500000000000341;0.1;-0.1;-3.063850575787924
0.10000000000002274;0.1;-0.1;-3.0692793989282685
0.10000000000002274;0.1;-0.1;-3.074847118509534
0.1500000000000341;0.1;-0.1;-3.0832174122130223
0.1500000000000341;0.1;-0.1;-3.09222248918848
0.10000000000002274;0.1;-0.1;-3.09840851046938
0.10000000000002274;0.1;-0.1;-3.1044494626236623
0.25000000000005684;0.1;-0.1;-3.117624953370214
0.20000000000004547;0.1;-0.1;-3.1294269618092385
0.10000000000002274;0.1;-0.1;-3.1353888530259875
0.10000000000002274;0.1;-0.1;-3.141315834236863
0.1500000000000341;0.1;-0.1;-3.150234182537413
0.10000000000002274;0.0;0.0;-3.150228423954856
0.1500000000000341;1.5001;1.4999;-3.1435339793099932
0.25000000000005684;1.567;1.433;-3.1486820922758096
0.20000000000004547;1.5155;1.4845;-3.1491420070166445
0.1500000000000341;1.5109;1.4891;-3.148934350814767
0.10000000000002274;1.513;1.487;-3.1488961823459114
0.1500000000000341;1.5134;1.4866;-3.14899348975699
0.20000000000004547;1.5124;1.4876;-3.1489632746425404
0.10000000000002274;1.5127;1.4873;-3.1489647101809104
0.1500000000000341;1.5127;1.4873;-3.1499517349462467
0.20000000000004547;1.5028;1.4972;-3.151756143064542
0.1500000000000341;1.4848;1.5152;-3.150357944193981
0.1500000000000341;1.4988;1.5012;-3.14999802350426
0.10000000000002274;1.5024;1.4976;-3.149695370133799
0.20000000000004547;1.5054;1.4946;-3.1489920393823403
0.10000000000002274;1.5124;1.4876;-3.1491739032640225
0.1500000000000341;1.5106;1.4894;-3.1491598612669116
0.10000000000002274;1.5107;1.4893;-3.1491802603227628
0.1500000000000341;1.5105;1.4895;-3.1489640142692905
0.1500000000000341;1.5127;1.4873;-3.1489916811377183
0.10000000000002274;1.5124;1.4876;-3.1490335213868312
0.10000000000002274;1.512;1.488;-3.149025554320909
0.1500000000000341;1.5121;1.4879;-3.149236436723939
0.1500000000000341;1.51;1.49;-3.150693396682312
0.1500000000000341;1.4954;1.5046;-3.1510207791429288
0.20000000000004547;1.4921;1.5079;-3.151540226799059
0.1500000000000341;1.4869;1.5131;-3.1512175498700365
0.10000000000002274;1.4902;1.5098;-3.1504990003331867
0.1500000000000341;1.4974;1.5026;-3.1492547628670304
0.10000000000002274;1.5098;1.4902;-3.1495926191857246
0.10000000000002274;1.5064;1.4936;-3.150114152205905
0.1500000000000341;1.5012;1.4988;-3.151009864670656
0.20000000000004547;1.4922;1.5078;-3.150061030894878
0.1500000000000341;1.5017;1.4983;-3.150625594931467
0.1500000000000341;1.4961;1.5039;-3.150999938318649
0.1500000000000341;1.4923;1.5077;-3.1515378860406473
0.20000000000004547;1.487;1.513;-3.1514433032482256
0.10000000000002274;1.4879;1.5121;-3.151450893303566
0.10000000000002274;1.4878;1.5122;-3.1514610982571107
0.1500000000000341;1.4877;1.5123;-3.15151503141589
0.25000000000005684;1.4872;1.5128;-3.1514771492873432
0.1500000000000341;1.4876;1.5124;-3.1443181058949863
0.10000000000002274;1.4876;1.5124;-3.144031318181918
0.10000000000002274;-0.4;-0.4;-3.14385126389602
0.1500000000000341;-0.4;-0.4;-3.142614123725271
0.10000000000002274;-0.4;-0.4;-3.1418412342365083
0.1500000000000341;-0.4;-0.4;-3.1406748924069503
0.1500000000000341;-0.4;-0.4;-3.1401064430512218
0.20000000000004547;-0.4;-0.4;-3.141640300663239
0.1500000000000341;-0.4;-0.4;-3.142699168727587
0.10000000000002274;-0.4;-0.4;-3.1434555076949793
0.1500000000000341;-0.4;-0.4;-3.144634918356604
0.10000000000002274;-0.4;-0.4;-3.1453708544492325
0.10000000000002274;-0.4;-0.4;-3.146109752835987
0.10000000000002274;-0.4;-0.4;-3.146420655295751
0.10000000000002274;-0.4;-0.4;-3.1463610215712707
0.25000000000005684;-0.4;-0.4;-3.1475848273076914
0.10000000000002274;-0.4;-0.4;-3.147750803185331
0.10000000000002274;-0.4;-0.4;-3.1476405679666297
0.1500000000000341;-0.4;-0.4;-3.147715729064569
0.10000000000002274;-0.4;-0.4;-3.1483123903753674
0.1500000000000341;-0.4;-0.4;-3.149003800486348
0.1500000000000341;-0.4;-0.4;-3.149395175290426
0.10000000000002274;-0.4;-0.4;-3.1494934101502308
0.25000000000005684;-0.4;-0.4;-3.1499344513820007
0.10000000000002274;-0.4;-0.4;-3.150133721632564
0.10000000000002274;-0.4;-0.4;-3.1501359109959144
0.10000000000002274;-0.4;-0.4;-3.150452657985647
0.1500000000000341;-0.4;-0.4;-3.151068261723176
0.1500000000000341;-0.4;-0.4;-3.1516757704310554
0.10000000000002274;-0.4;-0.4;-3.152209815772875
0.10000000000002274;-0.4;-0.4;-3.1528091276676067
0.25000000000005684;-0.4;-0.4;-3.154089822706375
0.1500000000000341;-0.4;-0.4;-3.1549815632504354
0.10000000000002274;-0.4;-0.4;-3.155486953093073
0.1500000000000341;-0.4;-0.4;-3.1566187617132737
0.10000000000002274;-0.4;-0.4;-3.157388788225747
0.10000000000002274;-0.4;-0.4;-3.1581402771646454
0.10000000000002274;-0.4;-0.4;-3.158854084675122
0.1500000000000341;-0.4;-0.4;-3.1588359875689695
0.20000000000004547;-0.4;-0.4;-3.160239306940717
0.10000000000002274;-0.4;-0.4;-3.16033981516202
0.10000000000002274;-0.4;-0.4;-3.1600977306783222
0.10000000000002274;-0.4;-0.4;-3.1594697728787047
0.1500000000000341;-0.4;-0.4;-3.1584297009398945
0.10000000000002274;-0.4;-0.4;-3.1577551727500017
0.10000000000002274;-0.4;-0.4;-3.1572844750519216
0.1500000000000341;-0.4;-0.4;-3.1562914440883194
0.20000000000004547;-0.4;-0.4;-3.1555034581623667
0.1500000000000341;-0.4;-0.4;-3.1550998379959294
0.10000000000002274;-0.4;-0.4;-3.155063554232159
0.1500000000000341;-0.4;-0.4;-3.1554184379621977
0.10000000000002274;-0.4;-0.4;-3.1558115576776706
0.10000000000002274;-0.4;-0.4;-3.1561127085214715
0.1500000000000341;-0.4;-0.4;-3.1572520785772196
0.1500000000000341;-0.4;-0.4;-3.158404088697996
0.20000000000004547;-0.4;-0.4;-3.159916386948084
0.10000000000002274;-0.4;-0.4;-3.160675793238512
0.1500000000000341;-0.4;-0.4;-3.1618297638494193
0.1500000000000341;-0.4;-0.4;-3.162964380515931
0.1500000000000341;-0.4;-0.4;-3.164105073250512
0.10000000000002274;-0.4;-0.4;-3.1648674311489855
0.10000000000002274;0.8;-0.2;-3.1738394484913206
0.10000000000002274;0.8;-0.2;-3.1959325890085264
0.1500000000000341;0.8;-0.2;-3.238163435324648
0.10000000000002274;0.8;-0.2;-3.265864282406046
0.20000000000004547;0.8;-0.2;-3.3216033706932593
0.1500000000000341;0.8;-0.2;-3.365556087869544
0.10000000000002274;0.8;-0.2;-3.394662370228844
0.1500000000000341;0.8;-0.2;-3.43712923070517
0.10000000000002274;0.8;-0.2;-3.465620015031389
0.1500000000000341;0.8;-0.2;-3.5095123322506065
0.20000000000004547;0.8;-0.2;-3.570888558065566
0.1500000000000341;0.8;-0.2;-3.617375161727914
0.1500000000000341;0.8;-0.2;-3.6639162882510568
0.1500000000000341;0.8;-0.2;-3.7107198060936146
0.1500000000000341;0.8;-0.2;-3.7575362274154553
0.1500000000000341;0.8;-0.2;-3.8045089368075615
0.1500000000000341;0.8;-0.2;-3.8514677713536454
0.3000000000000682;0.8;-0.2;-3.9439794794817145
0.1500000000000341;0.8;-0.2;-3.989796990728987
0.1500000000000341;0.8;-0.2;-4.035532122102096
0.1500000000000341;0.8;-0.2;-4.080464078240017
0.10000000000002274;0.8;-0.2;-4.110534812929224
0.1500000000000341;0.8;-0.2;-4.1556387828302634
0.1500000000000341;0.8;-0.2;-4.200612143148717
0.1500000000000341;0.8;-0.2;-4.245865369053757
0.10000000000002274;0.8;-0.2;-4.275624967270946
0.1500000000000341;0.8;-0.2;-4.321812895621969
0.1500000000000341;0.8;-0.2;-4.367303047850786
0.10000000000002274;0.8;-0.2;-4.398034527863229
0.1500000000000341;0.8;-0.2;-4.443164684618427
0.10000000000002274;0.8;-0.2;-4.473318797564058
0.1500000000000341;0.8;-0.2;-4.517921527914444
0.10000000000002274;0.8;-0.2;-4.547849849989364
0.20000000000004547;0.8;-0.2;-4.6075660439534945
0.1500000000000341;0.8;-0.2;-4.6519385280210575
0.10000000000002274;0.8;-0.2;-4.681972710261741
0.10000000000002274;0.8;-0.2;-4.712620209327975
0.10000000000002274;0.8;-0.2;-4.74339893918839
0.10000000000002274;0.8;-0.2;-4.773454797753795
0.1500000000000341;0.8;-0.2;-4.817885983374454
0.20000000000004547;0.8;-0.2;-4.879269692634182
0.20000000000004547;0.8;-0.2;-4.9389189172376335
0.10000000000002274;0.8;-0.2;-4.969121938060337
0.1500000000000341;0.7901;-0.1975;-5.013479893371938
0.1500000000000341;0.7635;-0.1909;-5.056151257589479
0.10000000000002274;0.7379;-0.1845;-5.08368692871095
0.1500000000000341;0.7213;-0.1803;-5.123790529751569
0.1500000000000341;0.6973;-0.1743;-5.163338619005382
0.1500000000000341;0.6735;-0.1684;-5.20157662637547
0.1500000000000341;0.6506;-0.1627;-5.238355791623617
0.10000000000002274;0.6285;-0.1571;-5.2620069482736636
0.10000000000002274;0.6143;-0.1536;-5.285416279190082
0.1500000000000341;0.6003;-0.1501;-5.319822684053823
0.10000000000002274;0.5797;-0.1449;-5.34202017136079
0.1500000000000341;0.5663;-0.1416;-5.374654181729968
0.10000000000002274;0.5468;-0.1367;-5.396001406308112
0.20000000000004547;0.5339;-0.1335;-5.438016924553711
0.1500000000000341;0.5087;-0.1272;-5.4673981431712155
0.1500000000000341;0.4911;-0.1228;-5.495947523589644
0.10000000000002274;0.474;-0.1185;-5.514440070663925
0.1500000000000341;0.4629;-0.1157;-5.5416213424667555
0.10000000000002274;0.4466;-0.1116;-5.5591177143378
0.1500000000000341;0.4361;-0.109;-5.584677084383033
0.1500000000000341;0.4207;-0.1052;-5.6094835758802475
0.1500000000000341;0.4059;-0.1015;-5.63335165427267
0.20000000000004547;0.3915;-0.0979;-5.663990041903673
0.1500000000000341;0.3732;-0.0933;-5.685652496539858
0.1500000000000341;0.3602;-0.09;-5.706424078432878
0.10000000000002274;0.3477;-0.0869;-5.719624304987439
0.10000000000002274;0.3398;-0.0849;-5.732540969256437
0.1500000000000341;0.332;-0.083;-5.751280689531076
0.10000000000002274;0.3208;-0.0802;-5.763371889206363
0.20000000000004547;0.3135;-0.0784;-5.787129967660733
0.1500000000000341;0.2993;-0.0748;-5.804103832961706
0.1500000000000341;0.2891;-0.0723;-5.820649033797846
0.10000000000002274;0.2792;-0.0698;-5.831325864125066
0.1500000000000341;0.2728;-0.0682;-5.846176721808469
0.1500000000000341;0.2638;-0.066;-5.86091469651446
0.1500000000000341;0.255;-0.0637;-5.874949968882013
0.10000000000002274;0.2466;-0.0616;-5.8842611163870355
0.25000000000005684;0.241;-0.0602;-5.907121727341147
0.10000000000002274;0.2273;-0.0568;-5.91534011663742
0.1500000000000341;0.2223;-0.0556;-5.928065851328733
0.1500000000000341;0.2147;-0.0537;-5.940156663601545
0.10000000000002274;0.2075;-0.0519;-5.947965978837258
0.10000000000002274;0.2028;-0.0507;-5.95572443326346
0.10000000000002274;0.2;-0.05;-5.96345540534435
0.1500000000000341;0.2;-0.05;-5.975178054218583
0.20000000000004547;0.2;-0.05;-5.990657047064621
0.1500000000000341;0.2;-0.05;-6.001440800737437
0.10000000000002274;0.2;-0.05;-6.00951610323397
0.10000000000002274;0.2;-0.05;-6.017428752410323
0.10000000000002274;0.2;-0.05;-6.025289697926959
0.10000000000002274;0.2;-0.05;-6.032661672287475
0.1500000000000341;0.2;-0.05;-6.043325814851879
0.10000000000002274;0.2;-0.05;-6.050793801950085
0.10000000000002274;0.2;-0.05;-6.058450146609892
0.3000000000000682;0.2;-0.05;-6.080198226835306
0.10000000000002274;0.2;-0.05;-6.087297364082451
0.1500000000000341;0.2;-0.05;-6.098580083405403
0.1500000000000341;0.2;-0.05;-6.110179201993797
0.10000000000002274;0.2;-0.05;-6.117725263115637
0.10000000000002274;0.2;-0.05;-6.125209897391257
0.1500000000000341;0.2;-0.05;-6.136427963086126
0.1500000000000341;0.2;-0.05;-6.147523847820534
0.20000000000004547;0.2;-0.05;-6.161923122910413
0.10000000000002274;0.2;-0.05;-6.168979916634847
0.1500000000000341;0.2;-0.05;-6.180041681046728
0.10000000000002274;0.2;-0.05;-6.187295676398348
0.1500000000000341;0.2;-0.05;-6.198400164699335
0.10000000000002274;0.2;-0.05;-6.206152342990972
0.10000000000002274;0.2;-0.05;-6.213679759325384
0.1500000000000341;0.2;-0.05;-6.225045971464902
0.1500000000000341;0.2;-0.05;-6.236189807878408
0.1500000000000341;0.2;-0.05;-6.247271747674362
0.10000000000002274;0.2;-0.05;-6.254853386282543
0.1500000000000341;0.2;-0.05;-6.266120403967671
0.1500000000000341;0.2;-0.05;-6.277540796223144
0.1500000000000341;0.2;-0.05;-6.288611159175746
0.10000000000002274;0.0;0.0;-6.288606962380837
0.1500000000000341;1.473;1.527;-6.291816773122964
0.20000000000004547;1.4409;1.5591;-6.28371702571612
0.1500000000000341;1.5219;1.4781;-6.283739850044147
0.10000000000002274;1.5217;1.4783;-6.284504095189723
0.1500000000000341;1.5141;1.4859;-6.28460930074609
0.1500000000000341;1.513;1.487;-6.284869348195747
0.10000000000002274;1.5104;1.4896;-6.2848729991693295
0.10000000000002274;1.5104;1.4896;-6.284775086333913
0.1500000000000341;1.5114;1.4886;-6.28463637052539
0.20000000000004547;1.5127;1.4873;-6.2853792983996
0.1500000000000341;1.5053;1.4947;-6.286738717579548
0.10000000000002274;1.4917;1.5083;-6.286070630780692
0.10000000000002274;1.4984;1.5016;-6.285181815757695
0.1500000000000341;1.5073;1.4927;-6.2860024117015065
0.20000000000004547;1.4991;1.5009;-6.287199424588919
0.10000000000002274;1.4871;1.5129;-6.286354575667766
0.20000000000004547;1.4956;1.5044;-6.284902527118341
0.1500000000000341;1.5101;1.4899;-6.286186825937154
0.20000000000004547;1.4972;1.5028;-6.285701550622514
0.10000000000002274;1.5021;1.4979;-6.286124197661587
0.1500000000000341;1.4979;1.5021;-6.286529125517369
0.10000000000002274;1.4938;1.5062;-6.286529649266157
0.1500000000000341;1.4938;1.5062;-6.285881536058784
0.10000000000002274;1.5003;1.4997;-6.285494677780954
0.1500000000000341;1.5042;1.4958;-6.284748734404543
0.1500000000000341;1.5116;1.4884;-6.285297289010623
0.10000000000002274;1.5061;1.4939;-6.285862496349438
0.1500000000000341;1.5005;1.4995;-6.286777968352124
0.1500000000000341;1.4913;1.5087;-6.286020662380965
0.10000000000002274;1.4989;1.5011;-6.285372331409689
0.1500000000000341;1.5054;1.4946;-6.284968455362383
0.10000000000002274;1.5094;1.4906;-6.28546580689123
0.20000000000004547;1.5044;1.4956;-6.285662393725686
0.1500000000000341;1.5025;1.4975;-6.285857687060185
0.10000000000002274;1.5005;1.4995;-6.285769516592028
0.10000000000002274;1.5014;1.4986;-6.285381657303908
0.10000000000002274;1.5053;1.4947;-6.285024534382216
0.1500000000000341;1.5089;1.4911;-6.285075653916263
0.10000000000002274;1.5084;1.4916;-6.28574377374581
0.10000000000002274;1.5017;1.4983;-6.286512452976968
0.20000000000004547;1.494;1.506;-6.287370544816596
0.1500000000000341;1.4854;1.5146;-6.2863826172630555
0.10000000000002274;1.4953;1.5047;-6.285343763880693
0.1500000000000341;1.5057;1.4943;-6.285836664065696
0.1500000000000341;1.5007;1.4993;-6.286705358196717
0.10000000000002274;1.4921;1.5079;-6.286820714717119
0.1500000000000341;1.4909;1.5091;-6.287011644454787
0.1500000000000341;1.489;1.511;-6.28719670179079
0.20000000000004547;1.4871;1.5129;-6.286409635540212
0.20000000000004547;1.495;1.505;-6.285983817659212
0.10000000000002274;1.4993;1.5007;-6.285756108644959
0.10000000000002274;1.5015;1.4985;-6.285122095001869
0.1500000000000341;1.5079;1.4921;-6.284817453320042
0.1500000000000341;1.5109;1.4891;-6.284969403760385
0.1500000000000341;1.5094;1.4906;-6.285058055937483
0.10000000000002274;1.5085;1.4915;-6.28533594058041
0.25000000000005684;1.5057;1.4943;-6.288115112667014
0.1500000000000341;1.478;1.522;-6.286181964282421
0.10000000000002274;1.4973;1.5027;-6.285916420040153
0.10000000000002274;1.4999;1.5001;-6.286343597422079
0.1500000000000341;1.4957;1.5043;-6.286708087426045
0.10000000000002274;1.492;1.508;-6.2868487544994816
0.1500000000000341;1.4906;1.5094;-6.286484917637105
0.10000000000002274;1.4943;1.5057;-6.285331937670128
0.25000000000005684;1.5058;1.4942;-6.2881330223044305
0.10000000000002274;1.4778;1.5222;-6.286414402623863
0.10000000000002274;1.495;1.505;-6.28604457064636
0.1500000000000341;1.4987;1.5013;-6.286795832385069
0.10000000000002274;1.4911;1.5089;-6.286801543908518
0.10000000000002274;1.4911;1.5089;-6.286707567263791
0.1500000000000341;1.492;1.508;-6.286664547309871
0.1500000000000341;1.4925;1.5075;-6.287245850523448
0.20000000000004547;1.4866;1.5134;-6.286379443401646
0.1500000000000341;1.4953;1.5047;-6.287095434694492
0.10000000000002274;1.4882;1.5118;-6.287169924046074
0.10000000000002274;1.4874;1.5126;-6.287221939111013
0.1500000000000341;1.4869;1.5131;-6.28730765277756
0.10000000000002274;1.486;1.514;-6.287285374816174
0.20000000000004547;1.4863;1.5137;-6.2870008571545855
0.10000000000002274;1.4891;1.5109;-6.2864948222322745
0.25000000000005684;1.4942;1.5058;-6.287706013656057
0.10000000000002274;1.482;1.518;-6.286924185955011
0.10000000000002274;1.4899;1.5101;-6.287028445617039
0.1500000000000341;1.4888;1.5112;-6.286793912609386
0.10000000000002274;1.4912;1.5088;-6.286267637534748
0.1500000000000341;1.4964;1.5036;-6.2853852554560605
0.1500000000000341;1.5053;1.4947;-6.285508146895394
0.25000000000005684;1.504;1.496;-6.2880050446943745
0.1500000000000341;1.4791;1.5209;-6.285965149162164
0.20000000000004547;1.4995;1.5005;-6.286621730919804
0.10000000000002274;1.4929;1.5071;-6.2870396713534245
0.10000000000002274;1.4887;1.5113;-6.287164442619544
0.10000000000002274;1.4875;1.5125;-6.287231225585726
0.1500000000000341;1.4868;1.5132;-6.287250481493148
0.10000000000002274;1.4866;1.5134;-6.287258969084649
0.20000000000004547;1.4865;1.5135;-6.287266099699751
0.1500000000000341;1.4864;1.5136;-6.2872831125677
0.10000000000002274;1.4863;1.5137;-6.2872762265895314
0.1500000000000341;1.4863;1.5137;-6.287262661989793
0.10000000000002274;1.4865;1.5135;-6.287256120748998
0.10000000000002274;1.4865;1.5135;-6.287250142285578
0.1500000000000341;1.4866;1.5134;-6.2872683062044885
0.1500000000000341;1.4864;1.5136;-6.2872693961628165
0.25000000000005684;1.4864;1.5136;-6.287290560833962
0.10000000000002274;1.4862;1.5138;-6.2872832788958455
0.1500000000000341;1.4863;1.5137;-6.287261066207767
0.1500000000000341;1.4865;1.5135;-6.287280116231909
0.20000000000004547;1.4863;1.5137;-6.287258443640864
0.10000000000002274;1.4865;1.5135;-6.287262365360868
0.1500000000000341;1.4865;1.5135;-6.287247225300659
0.10000000000002274;1.4866;1.5134;-6.287255207806252
0.20000000000004547;1.4866;1.5134;-6.287265968373725
0.10000000000002274;1.4864;1.5136;-6.287256086606401
0.1500000000000341;1.4865;1.5135;-6.2872759285470465
0.1500000000000341;1.4863;1.5137;-6.287278040853262
0.1500000000000341;1.4863;1.5137;-6.287276553669688
0.10000000000002274;1.4863;1.5137;-6.287285915334622
0.1500000000000341;1.4862;1.5138;-6.2872540564771535
0.20000000000004547;1.4866;1.5134;-6.281860693757039
0.1500000000000341;1.4866;1.5134;-6.281638571589226
0.1500000000000341;-0.4;-0.4;-6.2818545826417305
0.1500000000000341;-0.4;-0.4;-6.282911062604384
0.1500000000000341;-0.4;-0.4;-6.283696156869338
0.1500000000000341;-0.4;-0.4;-6.284815262243463
0.10000000000002274;-0.4;-0.4;-6.285118709782847
0.1500000000000341;-0.4;-0.4;-6.284621521345955
0.25000000000005684;-0.4;-0.4;-6.282577139842364
0.10000000000002274;-0.4;-0.4;-6.281743836815163
0.10000000000002274;-0.4;-0.4;-6.2809943065741045
0.1500000000000341;-0.4;-0.4;-6.280288125587264
0.1500000000000341;-0.4;-0.4;-6.279174253296797
0.1500000000000341;-0.4;-0.4;-6.277952129825923
0.1500000000000341;-0.4;-0.4;-6.276741629671106
0.25000000000005684;-0.4;-0.4;-6.275333838075065
0.1500000000000341;-0.4;-0.4;-6.274834498042681
0.10000000000002274;-0.4;-0.4;-6.274952635493728
0.10000000000002274;-0.4;-0.4;-6.274995740539879
0.1500000000000341;-0.4;-0.4;-6.274645530488775
0.1500000000000341;-0.4;-0.4;-6.27375263175921
0.1500000000000341;-0.4;-0.4;-6.272997591335822
0.10000000000002274;-0.4;-0.4;-6.272439283386237
0.20000000000004547;-0.4;-0.4;-6.271530713013815
0.1500000000000341;-0.4;-0.4;-6.270516263341292
0.10000000000002274;-0.4;-0.4;-6.2700670086359835
0.10000000000002274;-0.4;-0.4;-6.270063987111828
0.1500000000000341;-0.4;-0.4;-6.269445176413875
0.1500000000000341;-0.4;-0.4;-6.269032587241793
0.10000000000002274;-0.4;-0.4;-6.268744371022475
0.10000000000002274;-0.4;-0.4;-6.268361461035706
0.20000000000004547;-0.4;-0.4;-6.267344832266517
0.1500000000000341;-0.4;-0.4;-6.266456794404938
0.10000000000002274;-0.4;-0.4;-6.265888046918258
0.10000000000002274;-0.4;-0.4;-6.265292856165408
0.1500000000000341;-0.4;-0.4;-6.264206572893037
0.10000000000002274;-0.4;-0.4;-6.263533616589535
0.1500000000000341;-0.4;-0.4;-6.262330801655036
0.1500000000000341;-0.4;-0.4;-6.261203680822991
0.1500000000000341;-0.4;-0.4;-6.260143326108283
0.1500000000000341;-0.4;-0.4;-6.259150161517386
0.1500000000000341;-0.4;-0.4;-6.258115542053108
0.10000000000002274;-0.4;-0.4;-6.257353361111287
0.20000000000004547;-0.4;-0.4;-6.255886995291646
0.10000000000002274;-0.4;-0.4;-6.255247893789129
0.1500000000000341;-0.4;-0.4;-6.254771896938149
0.25000000000005684;-0.4;-0.4;-6.25423131705716
0.10000000000002274;-0.4;-0.4;-6.254236562978494
0.1500000000000341;-0.4;-0.4;-6.254285126088498
0.1500000000000341;-0.4;-0.4;-6.2543907353939705
0.1500000000000341;-0.4;-0.4;-6.255013994616882
0.1500000000000341;-0.4;-0.4;-6.255211902039828
0.1500000000000341;-0.4;-0.4;-6.2557142407599065
0.20000000000004547;-0.4;-0.4;-6.25658645530066
0.1500000000000341;-0.4;-0.4;-6.25707228742058
0.1500000000000341;-0.4;-0.4;-6.2570951541955715
0.10000000000002274;-0.4;-0.4;-6.257446776562214
0.1500000000000341;-0.2;0.8;-6.246171234467881
0.10000000000002274;-0.2;0.8;-6.224899374346722
0.20000000000004547;-0.2;0.8;-6.166476955588107
0.20000000000004547;-0.2;0.8;-6.106377062395152
0.1500000000000341;-0.2;0.8;-6.061442315970814
0.1500000000000341;-0.2;0.8;-6.016847436486747
0.1500000000000341;-0.2;0.8;-5.972549356099926
0.1500000000000341;-0.2;0.8;-5.928475108503624
0.1500000000000341;-0.2;0.8;-5.885150017175775
0.20000000000004547;-0.2;0.8;-5.826621231729391
0.20000000000004547;-0.2;0.8;-5.769707831210936
0.1500000000000341;-0.2;0.8;-5.727882220512181
0.1500000000000341;-0.2;0.8;-5.68657724173123
0.1500000000000341;-0.2;0.8;-5.645211780006085
0.1500000000000341;-0.2;0.8;-5.602117743516293
0.20000000000004547;-0.2;0.8;-5.542732638991027
0.10000000000002274;-0.2;0.8;-5.51307953769037
0.25000000000005684;-0.2;0.8;-5.438500029051892
0.10000000000002274;-0.2;0.8;-5.407813295088682
0.20000000000004547;-0.2;0.8;-5.344981957545284
0.10000000000002274;-0.2;0.8;-5.3142479779010445
0.1500000000000341;-0.2;0.8;-5.268219499187032
0.10000000000002274;-0.2;0.8;-5.237351381802832
0.1500000000000341;-0.2;0.8;-5.192280809222186
0.1500000000000341;-0.2;0.8;-5.147858108268772
0.20000000000004547;-0.2;0.8;-5.0899280219210095
0.1500000000000341;-0.2;0.8;-5.045819463334011
0.10000000000002274;-0.2;0.8;-5.016149186649305
0.20000000000004547;-0.2;0.8;-4.954507785413949
0.10000000000002274;-0.2;0.8;-4.924732925515845
0.1500000000000341;-0.2;0.8;-4.877958827987041
0.10000000000002274;-0.2;0.8;-4.8478720396538275
0.1500000000000341;-0.2;0.8;-4.8016794558923195
0.20000000000004547;-0.2;0.8;-4.74159228981602
0.1500000000000341;-0.2;0.8;-4.696872740343858
0.10000000000002274;-0.2;0.8;-4.666650450017337
0.10000000000002274;-0.2;0.8;-4.636923190296828
0.1500000000000341;-0.2;0.8;-4.591442604053823
0.10000000000002274;-0.2;0.8;-4.562057075975973
0.1500000000000341;-0.2;0.8;-4.516999443852749
0.10000000000002274;-0.2;0.8;-4.487733308912227
0.1500000000000341;-0.2;0.8;-4.442890195924948
0.20000000000004547;-0.1954;0.7816;-4.384518367873752
0.1500000000000341;-0.1866;0.7466;-4.342923268388569
0.1500000000000341;-0.1804;0.7216;-4.303005629799544
0.10000000000002274;-0.1744;0.6976;-4.277049861442747
0.1500000000000341;-0.1705;0.6821;-4.239290097647001
0.10000000000002274;-0.1649;0.6594;-4.214353668239368
0.1500000000000341;-0.1611;0.6445;-4.17844791548816
0.1500000000000341;-0.1557;0.6229;-4.143749777137924
0.25000000000005684;-0.1505;0.6021;-4.086850313517594
0.10000000000002274;-0.142;0.5679;-4.065695648707705
0.10000000000002274;-0.1388;0.5553;-4.045047818662585
0.10000000000002274;-0.1357;0.5429;-4.025090549154642
0.10000000000002274;-0.1327;0.5309;-4.004788018644644
0.10000000000002274;-0.1297;0.5187;-3.9851673625373647
0.1500000000000341;-0.1267;0.5069;-3.9567216036657795
0.10000000000002274;-0.1225;0.4899;-3.9383399004061532
0.20000000000004547;-0.1197;0.4788;-3.9022926095038337
0.10000000000002274;-0.1143;0.4572;-3.885225579811944
0.1500000000000341;-0.1117;0.447;-3.8600558104935243
0.10000000000002274;-0.108;0.4319;-3.8438339965033057
0.1500000000000341;-0.1055;0.4221;-3.8200543803544798
0.10000000000002274;-0.102;0.4079;-3.8048505215249353
0.10000000000002274;-0.0997;0.3987;-3.789945960430194
0.1500000000000341;-0.0975;0.3898;-3.768087018497861
0.10000000000002274;-0.0942;0.3767;-3.753974871738503
0.25000000000005684;-0.0921;0.3682;-3.7197809080468174
0.10000000000002274;-0.0869;0.3477;-3.706772841908706
0.1500000000000341;-0.085;0.3399;-3.6885744315616784
0.10000000000002274;-0.0822;0.329;-3.677009178458844
0.20000000000004547;-0.0805;0.322;-3.6545560059888222
0.10000000000002274;-0.0771;0.3086;-3.6438352568228964
0.1500000000000341;-0.0755;0.3021;-3.627957954277171
0.25000000000005684;-0.0732;0.2926;-3.602159685690943
0.1500000000000341;-0.0693;0.2771;-3.5874042293026718
0.10000000000002274;-0.0671;0.2683;-3.577897068025535
0.1500000000000341;-0.0656;0.2626;-3.5639609263687273
0.1500000000000341;-0.0636;0.2542;-3.5505823261871545
0.10000000000002274;-0.0615;0.2462;-3.541946497074558
0.10000000000002274;-0.0603;0.241;-3.5335360947808354
0.1500000000000341;-0.059;0.236;-3.520969418439239
0.20000000000004547;-0.0571;0.2284;-3.504486137066814
0.1500000000000341;-0.0546;0.2185;-3.492980989263835
0.20000000000004547;-0.0529;0.2116;-3.4772592596653045
0.10000000000002274;-0.0505;0.2022;-3.470045381650762
0.1500000000000341;-0.05;0.2;-3.4592335571221886
0.1500000000000341;-0.05;0.2;-3.4484110046399814
0.10000000000002274;-0.05;0.2;-3.440973640647459
0.20000000000004547;-0.05;0.2;-3.426177917544023
0.1500000000000341;-0.05;0.2;-3.415036231524072
0.20000000000004547;-0.05;0.2;-3.399852651110528
0.10000000000002274;-0.05;0.2;-3.392307924821442
0.10000000000002274;-0.05;0.2;-3.384734348983821
0.1500000000000341;-0.05;0.2;-3.3738483970540405
0.1500000000000341;-0.05;0.2;-3.3628641481877137
0.10000000000002274;-0.05;0.2;-3.3556785610444533
0.20000000000004547;-0.05;0.2;-3.3406734306214885
0.1500000000000341;-0.05;0.2;-3.3296063726703085
0.1500000000000341;-0.05;0.2;-3.3185179853421896
0.1500000000000341;-0.05;0.2;-3.307565465064863
0.1500000000000341;-0.05;0.2;-3.296521281986794
0.10000000000002274;-0.05;0.2;-3.2889319990577826
0.1500000000000341;-0.05;0.2;-3.2775395885844665
0.25000000000005684;-0.05;0.2;-3.258758270796169
0.10000000000002274;-0.05;0.2;-3.2513113989554907
0.1500000000000341;-0.05;0.2;-3.2400476231940503
0.10000000000002274;-0.05;0.2;-3.2326327973492566
0.10000000000002274;-0.05;0.2;-3.2250692196844737
0.20000000000004547;-0.05;0.2;-3.2098019386913488
0.1500000000000341;-0.05;0.2;-3.198284743625451
0.10000000000002274;-0.05;0.2;-3.190754228766177
0.20000000000004547;-0.05;0.2;-3.175640595257378
0.1500000000000341;-0.05;0.2;-3.164396365862206
0.1500000000000341;-0.05;0.2;-3.1532257677163087
0.10000000000002274;-0.05;0.2;-3.1458698832408136
0.10000000000002274;-0.05;0.2;-3.138621136869658
0.1500000000000341;0.0;0.0;-3.1386147167540184
0.10000000000002274;1.5165;1.4835;-3.132775823071249
0.20000000000004547;1.5749;1.4251;-3.137095788167085
0.1500000000000341;1.5317;1.4683;-3.1417423450462527
0.1500000000000341;1.4853;1.5147;-3.1409405844814016
0.1500000000000341;1.4933;1.5067;-3.1395176454681675
0.10000000000002274;1.5075;1.4925;-3.139951104148522
0.1500000000000341;1.5032;1.4968;-3.1405315103875466
0.1500000000000341;1.4974;1.5026;-3.1406611031515745
0.10000000000002274;1.4961;1.5039;-3.140578097471283
0.10000000000002274;1.4969;1.5031;-3.140289323180581
0.10000000000002274;1.4998;1.5002;-3.140348336505189
0.25000000000005684;1.4992;1.5008;-3.1422566377468235
0.10000000000002274;1.4801;1.5199;-3.1406845776111663
0.20000000000004547;1.4958;1.5042;-3.1401483093516265
0.10000000000002274;1.5012;1.4988;-3.1397058412168586
0.10000000000002274;1.5056;1.4944;-3.13941420277686
0.10000000000002274;1.5085;1.4915;-3.1392659878506635
0.1500000000000341;1.51;1.49;-3.139136798384908
0.20000000000004547;1.5113;1.4887;-3.138964709456444
0.25000000000005684;1.513;1.487;-3.141472229145016
0.1500000000000341;1.488;1.512;-3.140283569954947
0.10000000000002274;1.4998;1.5002;-3.1395850532913236
0.10000000000002274;1.5068;1.4932;-3.139496803524209
0.1500000000000341;1.5077;1.4923;-3.1395343090608123
0.1500000000000341;1.5073;1.4927;-3.1396311388593903
0.10000000000002274;1.5064;1.4936;-3.1396145267804334
0.1500000000000341;1.5065;1.4935;-3.139012280875512
0.1500000000000341;1.5126;1.4874;-3.139471535451354
0.1500000000000341;1.508;1.492;-3.1399692747661394
0.1500000000000341;1.503;1.497;-3.141402026445916
0.1500000000000341;1.4887;1.5113;-3.141260075985903
0.1500000000000341;1.4901;1.5099;-3.1413651698189966
0.1500000000000341;1.489;1.511;-3.1413108591571137
0.10000000000002274;1.4896;1.5104;-3.1410880587838075
0.1500000000000341;1.4918;1.5082;-3.140884518661838
0.20000000000004547;1.4938;1.5062;-3.141799739707338
0.1500000000000341;1.4847;1.5153;-3.1414871105525477
0.1500000000000341;1.4878;1.5122;-3.1416519096680595
0.1500000000000341;1.4862;1.5138;-3.1416249992363157
0.1500000000000341;1.4864;1.5136;-3.141614468103492
0.20000000000004547;1.4865;1.5135;-3.141209110248384
0.1500000000000341;1.4906;1.5094;-3.139989010464758
0.1500000000000341;1.5028;1.4972;-3.140941531924472
0.20000000000004547;1.4933;1.5067;-3.140509542498852
0.25000000000005684;1.4976;1.5024;-3.1400545955220984
0.20000000000004547;1.5021;1.4979;-3.141836881898999
0.1500000000000341;1.4843;1.5157;-3.139569039072452
0.10000000000002274;1.507;1.493;-3.1395105737568056
0.10000000000002274;1.5076;1.4924;-3.140316046889936
0.10000000000002274;1.4995;1.5005;-3.1410868909965
0.1500000000000341;1.4918;1.5082;-3.140359373192481
0.1500000000000341;1.4991;1.5009;-3.1393410132238033
0.10000000000002274;1.5093;1.4907;-3.1395751199812145
0.10000000000002274;1.5069;1.4931;-3.139990701951476
0.10000000000002274;1.5028;1.4972;-3.1406210270428057
0.1500000000000341;1.4965;1.5035;-3.140996437433466
0.10000000000002274;1.4927;1.5073;-3.141008056171624
0.10000000000002274;1.4926;1.5074;-3.1409367594392172
0.20000000000004547;1.4933;1.5067;-3.1404327562469017
0.20000000000004547;1.4984;1.5016;-3.1398700287116443
0.1500000000000341;1.504;1.496;-3.1400276710194794
0.10000000000002274;1.5024;1.4976;-3.1399877821392255
0.10000000000002274;1.5028;1.4972;-3.139906173887976
0.10000000000002274;1.5036;1.4964;-3.1398851589897294
0.10000000000002274;1.5038;1.4962;-3.139838782358302
0.10000000000002274;1.5043;1.4957;-3.1397557316356184
0.20000000000004547;1.5051;1.4949;-3.138808979123611
0.1500000000000341;1.5146;1.4854;-3.140154254796915
0.10000000000002274;1.5011;1.4989;-3.1407648590305994
0.1500000000000341;1.495;1.505;-3.140958254986788
0.10000000000002274;1.4931;1.5069;-3.1409124846583976
0.10000000000002274;1.4936;1.5064;-3.140762079809261
0.1500000000000341;1.4951;1.5049;-3.140195503930519
0.10000000000002274;1.5007;1.4993;-3.1396881846372318
0.25000000000005684;1.5058;1.4942;-3.139623003153401
0.10000000000002274;1.5065;1.4935;-3.1392617484717054
0.1500000000000341;1.5101;1.4899;-3.1395282880735063
0.10000000000002274;1.5074;1.4926;-3.139368701532648
0.10000000000002274;1.509;1.491;-3.1394884398951652
0.1500000000000341;1.5078;1.4922;-3.1397856747139863
0.10000000000002274;1.5048;1.4952;-3.1399449930159444
0.1500000000000341;1.5032;1.4968;-3.14077858277778
0.1500000000000341;1.4949;1.5051;-3.1408175158702147
0.1500000000000341;1.4945;1.5055;-3.140034154747662
0.10000000000002274;1.5023;1.4977;-3.1394600366130603
0.10000000000002274;1.5081;1.4919;-3.1393013351285535
0.1500000000000341;1.5097;1.4903;-3.1392855690622006
0.10000000000002274;1.5098;1.4902;-3.139141711786005
0.10000000000002274;1.5113;1.4887;-3.139186033853229
0.1500000000000341;1.5108;1.4892;-3.140067599302145
0.10000000000002274;1.502;1.498;-3.140491487162971
0.20000000000004547;1.4978;1.5022;-3.1414860500124893
0.1500000000000341;1.4878;1.5122;-3.1412220748869992
0.10000000000002274;1.4905;1.5095;-3.140802482038114
0.10000000000002274;1.4947;1.5053;-3.1402245980296764
0.25000000000005684;1.5004;1.4996;-3.1388417617119324
0.1500000000000341;1.5143;1.4857;-3.14080381318535
0.10000000000002274;1.4946;1.5054;-3.14043379630821
0.10000000000002274;1.4983;1.5017;-3.1399140475724834
0.20000000000004547;1.5035;1.4965;-3.1410986117191615
0.10000000000002274;1.4917;1.5083;-3.1405422377842207
0.1500000000000341;1.4973;1.5027;-3.139429971663587
0.1500000000000341;1.5084;1.4916;-3.14007088426997
0.20000000000004547;1.502;1.498;-3.140722033509845
0.1500000000000341;1.4955;1.5045;-3.140802917897978
0.10000000000002274;1.4947;1.5053;-3.1402109175771957
0.20000000000004547;1.5006;1.4994;-3.1397174443435807
0.1500000000000341;1.5055;1.4945;-3.1393813987366674
0.1500000000000341;1.5089;1.4911;-3.139784197230964
0.10000000000002274;1.5048;1.4952;-3.140865702583998
0.1500000000000341;1.494;1.506;-3.14049635308793
0.05000000000001137;1.4977;1.5023;-3.1404554097927244
0.1500000000000341;1.4981;1.5019;-3.1414832980940535
0.1500000000000341;1.4878;1.5122;-3.141612096645958
0.25000000000005684;1.4866;1.5134;-3.1416008826746626
0.1500000000000341;1.4867;1.5133;-3.141639848500277
0.20000000000004547;1.4863;1.5137;-3.1416208285253706
0.10000000000002274;1.4865;1.5135;-3.1416168340179653
0.1500000000000341;1.4865;1.5135;-3.1369449049732565
0.10000000000002274;1.4865;1.5135;-3.136826609950579
0.1500000000000341;-0.4;-0.4;-3.1377126780984987
0.25000000000005684;-0.4;-0.4;-3.139260738564234
0.10000000000002274;-0.4;-0.4;-3.1398142363547286
0.10000000000002274;-0.4;-0.4;-3.140295269406866
0.1500000000000341;-0.4;-0.4;-3.140835290309715
0.1500000000000341;-0.4;-0.4;-3.1408581927950494
0.1500000000000341;-0.4;-0.4;-3.141633152239655
0.10000000000002274;-0.4;-0.4;-3.142222797076876
0.1500000000000341;-0.4;-0.4;-3.14303861489288
0.20000000000004547;-0.4;-0.4;-3.1417524751281163
0.20000000000004547;-0.4;-0.4;-3.1404779234339375
0.10000000000002274;-0.4;-0.4;-3.1399448529990135
0.1500000000000341;-0.4;-0.4;-3.139156006559962
0.1500000000000341;-0.4;-0.4;-3.138438449059943
0.1500000000000341;-0.4;-0.4;-3.1378689270324602
0.1500000000000341;-0.4;-0.4;-3.1371472380880245
0.1500000000000341;-0.4;-0.4;-3.136536912665626
0.10000000000002274;-0.4;-0.4;-3.136356824700487
0.1500000000000341;-0.4;-0.4;-3.1359830548863497
0.1500000000000341;-0.4;-0.4;-3.1354226258927462
0.1500000000000341;-0.4;-0.4;-3.1346380763468003
0.1500000000000341;-0.4;-0.4;-3.1337750436708074
0.1500000000000341;-0.4;-0.4;-3.132743700116573
0.1500000000000341;-0.4;-0.4;-3.1317225078546236
