0.05;-0.02;0.02;0.0005985942595766351
0.25;0.806;0.794;0.004602818612773675
0.14999999999999997;0.846;0.754;-0.0009220022094770259
0.15000000000000002;0.7908;0.8092;-0.0010568455335578627
0.10000000000000009;0.7894;0.8106;-0.0012644985078185597
0.15000000000000013;0.7874;0.8126;-0.0012939406709211742
0.15000000000000002;0.7871;0.8129;-0.0008496012228459383
0.10000000000000009;0.7915;0.8085;-0.0003793890621714417
0.10000000000000009;0.7962;0.8038;0.00038968111360276203
0.20000000000000018;0.8039;0.7961;0.0010748448598991323
0.15000000000000013;0.8107;0.7893;0.0006890236043033762
0.10000000000000009;0.8069;0.7931;-3.5662610476276625e-05
0.10000000000000009;0.7996;0.8004;-0.0003814105686284461
0.10000000000000009;0.7962;0.8038;-0.0008454158424256585
0.1499999999999999;0.7915;0.8085;-0.0010225689327594048
0.14999999999999947;0.7898;0.8102;-0.0007446438846252875
0.14999999999999947;0.7926;0.8074;0.00021156002821144443
0.1999999999999993;0.8021;0.7979;0.0013627067903573074
0.14999999999999947;0.8136;0.7864;0.0003362121408821031
0.14999999999999947;0.8034;0.7966;-0.0011623219890171544
0.09999999999999964;0.7884;0.8116;-0.00027568098557561
0.14999999999999947;0.7972;0.8028;0.00035058263944432117
0.14999999999999947;0.8035;0.7965;0.00030829537970044723
0.09999999999999964;0.8031;0.7969;-0.00020665415681710842
0.09999999999999964;0.7979;0.8021;-0.0007989018226733273
0.2499999999999991;0.792;0.808;-0.0010252456483776545
0.09999999999999964;0.7897;0.8103;-0.000931896851668306
0.14999999999999947;0.7907;0.8093;7.973464762346975e-05
0.09999999999999964;0.8008;0.7992;-0.00013881994972031223
0.09999999999999964;0.7986;0.8014;-0.00030452692559314613
0.09999999999999964;0.797;0.803;-0.00036387899148935306
0.1999999999999993;0.7964;0.8036;-0.0013880443633443717
0.09999999999999964;0.7861;0.8139;-0.0010333273132911492
0.2499999999999991;0.7897;0.8103;-0.00036387541585789765
0.14999999999999947;0.7964;0.8036;0.0003637667865573394
0.09999999999999964;0.8036;0.7964;-0.00020232087729143836
0.14999999999999947;0.798;0.802;-0.000976544162156139
0.14999999999999947;0.7902;0.8098;-0.0001943154256176631
0.09999999999999964;0.7902;0.8098;-4.275224770843513e-05
0.14999999999999947;-0.4;-0.4;0.0008110377924831076
0.1999999999999993;-0.4;-0.4;0.002004581750672451
0.1999999999999993;-0.4;-0.4;0.0027381044830748253
0.09999999999999964;-0.4;-0.4;0.003286492690247289
0.09999999999999964;-0.4;-0.4;0.003910755653441744
0.14999999999999947;-0.4;-0.4;0.004863294635615055
0.09999999999999964;-0.4;-0.4;0.005067567020633556
0.14999999999999947;-0.4;-0.4;0.005418717334449157
0.09999999999999964;-0.4;-0.4;0.006043862774155574
0.2499999999999991;-0.4;-0.4;0.006808062830447701
0.14999999999999947;-0.4;-0.4;0.0064115254144203855
0.14999999999999947;-0.4;-0.4;0.005219226201493035
0.14999999999999947;-0.4;-0.4;0.004058915915540805
0.09999999999999964;-0.4;-0.4;0.003298750659606638
0.09999999999999964;-0.4;-0.4;0.002547517985903042
0.09999999999999964;-0.4;-0.4;0.0018829749242401505
0.14999999999999947;-0.4;-0.4;0.0009101052516250252
0.14999999999999947;-0.4;-0.4;5.0869814412987614e-05
0.15000000000000036;-0.4;-0.4;-0.000310260432665713
0.10000000000000142;-0.4;-0.4;-0.000537342668614938
0.10000000000000142;-0.4;-0.4;-0.0009232868405564703
0.20000000000000284;-0.4;-0.4;-0.001620072658259144
0.10000000000000142;-0.4;-0.4;-0.001981831672906746
0.10000000000000142;-0.4;-0.4;-0.0021710871254929996
0.10000000000000142;-0.4;-0.4;-0.0027168233007114906
0.10000000000000142;-0.4;-0.4;-0.0033083893421813546
0.20000000000000284;-0.4;-0.4;-0.004339209033911472
0.10000000000000142;-0.4;-0.4;-0.004941380631437204
0.10000000000000142;-0.4;-0.4;-0.00558470250536316
0.05000000000000071;-0.4;-0.4;-0.005913457442964381
0.15000000000000213;-0.4;-0.4;-0.007054995248425283
0.10000000000000142;-0.4;-0.4;-0.0077745429756646235
0.15000000000000213;-0.4;-0.4;-0.008784594971323265
0.10000000000000142;-0.4;-0.4;-0.009463458428374628
0.15000000000000213;-0.4;-0.4;-0.010617242643282572
0.15000000000000213;-0.4;-0.4;-0.011690610352065485
0.10000000000000142;-0.4;-0.4;-0.012294067073673327
0.10000000000000142;-0.4;-0.4;-0.013044129991173393
0.15000000000000213;-0.4;-0.4;-0.01421950236164394
0.15000000000000213;-0.4;-0.4;-0.015356937497442583
0.15000000000000213;-0.4;-0.4;-0.016521617711571655
0.10000000000000142;-0.4;-0.4;-0.0168229986323469
0.15000000000000213;-0.4;-0.4;-0.015973204221426986
0.15000000000000213;-0.4;-0.4;-0.016033995245404647
0.15000000000000213;-0.4;-0.4;-0.017134707875624135
0.15000000000000213;-0.4;-0.4;-0.0173681395668563
0.15000000000000213;-0.4;-0.4;-0.01637932019751713
0.15000000000000213;-0.4;-0.4;-0.016373511779166235
0.15000000000000213;-0.4;-0.4;-0.016208770526626524
0.20000000000000284;-0.4;-0.4;-0.016460309604517137
0.10000000000000142;-0.4;-0.4;-0.016739988485701813
0.10000000000000142;-0.4;-0.4;-0.016945922453842122
0.10000000000000142;-0.4;-0.4;-0.017006438719913877
0.10000000000000142;-0.4;-0.4;-0.01717615654702469
0.10000000000000142;-0.4;-0.4;-0.017118114747884796
0.10000000000000142;-0.4;-0.4;-0.01685264606318543
0.10000000000000142;-0.4;-0.4;-0.016691011661294067
0.15000000000000213;-0.4;-0.4;-0.017195134688577546
0.10000000000000142;-0.4;-0.4;-0.017403861513819438
0.10000000000000142;0.8;-0.8;-0.03477563165546025
0.10000000000000142;0.8;-0.8;-0.0669737375946771
0.10000000000000142;0.8;-0.8;-0.11139019179872209
0.15000000000000213;0.8;-0.8;-0.17873644571862043
0.15000000000000213;0.8;-0.8;-0.246781139461085
0.10000000000000142;0.8;-0.8;-0.29270350403492995
0.20000000000000284;0.8;-0.8;-0.3819187972566836
0.15000000000000213;0.8;-0.8;-0.45402797650994575
0.10000000000000142;0.8;-0.8;-0.4986182423467302
0.10000000000000142;0.8;-0.8;-0.5431446759396911
0.15000000000000213;0.8;-0.8;-0.6125363777465787
0.15000000000000213;0.8;-0.8;-0.6855756761837959
0.10000000000000142;0.8;-0.8;-0.7341059972518906
0.10000000000000142;0.8;-0.8;-0.7836360120241781
0.20000000000000284;0.8;-0.8;-0.8770604296355753
0.15000000000000213;0.8;-0.8;-0.950673660740234
0.10000000000000142;0.8;-0.8;-0.9993603021846029
0.15000000000000213;0.8;-0.8;-1.0740384076258385
0.10000000000000142;0.8;-0.8;-1.1221705131131443
0.15000000000000213;0.8;-0.8;-1.1948765994213923
0.15000000000000213;0.8;-0.8;-1.2694577539758591
0.10000000000000142;0.8;-0.8;-1.3169257485645507
0.20000000000000284;0.8;-0.8;-1.4105358645124608
0.15000000000000213;0.8;-0.8;-1.4809528012054831
0.10000000000000142;0.8;-0.8;-1.528899379715941
0.10000000000000142;0.8;-0.8;-1.5768008447876964
0.10000000000000142;0.8;-0.8;-1.6248319934745792
0.15000000000000213;0.8;-0.8;-1.6959415528116357
0.15000000000000213;0.8;-0.8;-1.770898363577839
0.15000000000000213;0.8;-0.8;-1.8445738306680082
0.20000000000000284;0.7783;-0.7783;-1.9348495966526267
0.10000000000000142;0.7242;-0.7242;-1.9768060766276978
0.15000000000000213;0.699;-0.699;-2.0377981262880587
0.10000000000000142;0.6624;-0.6624;-2.076319850348091
0.15000000000000213;0.6393;-0.6393;-2.1322188345190147
0.15000000000000213;0.6057;-0.6057;-2.1849003791345245
0.15000000000000213;0.5741;-0.5741;-2.235159865171306
0.15000000000000213;0.544;-0.544;-2.282680190131889
0.20000000000000284;0.5155;-0.5155;-2.3427125142218492
0.10000000000000142;0.4794;-0.4794;-2.3705075160126885
0.15000000000000213;0.4628;-0.4628;-2.410917314022599
0.10000000000000142;0.4385;-0.4385;-2.4362812039045374
0.10000000000000142;0.4233;-0.4233;-2.4607812369746385
0.15000000000000213;0.4086;-0.4086;-2.4954710581974773
0.20000000000000284;0.3878;-0.3878;-2.5394434449084216
0.15000000000000213;0.3614;-0.3614;-2.570421887824668
0.10000000000000142;0.3428;-0.3428;-2.5900319445827473
0.15000000000000213;0.3311;-0.3311;-2.6186105095536867
0.10000000000000142;0.3139;-0.3139;-2.636693804395298
0.10000000000000142;0.3031;-0.3031;-2.6542410591169605
0.15000000000000213;0.2925;-0.2925;-2.6794884553130953
0.15000000000000213;0.2774;-0.2774;-2.7034352520198697
0.10000000000000142;0.263;-0.263;-2.7185600914523183
0.15000000000000213;0.2539;-0.2539;-2.740597332084445
0.20000000000000284;0.2407;-0.2407;-2.768272468099189
0.10000000000000142;0.2241;-0.2241;-2.781227919103595
0.10000000000000142;0.2163;-0.2163;-2.793633857703352
0.15000000000000213;0.2089;-0.2089;-2.8117282083513104
0.10000000000000142;0.198;-0.198;-2.82306197997589
0.15000000000000213;0.1912;-0.1912;-2.839465915273024
0.15000000000000213;0.1814;-0.1814;-2.855146186343955
0.25000000000000355;0.172;-0.172;-2.8814703751273765
0.10000000000000142;0.1562;-0.1562;-2.891049132225878
0.15000000000000213;0.1504;-0.1504;-2.9043500860891394
0.15000000000000213;0.1425;-0.1425;-2.9163934082042693
0.10000000000000142;0.1352;-0.1352;-2.9238513921762945
0.15000000000000213;0.1308;-0.1308;-2.934578130810218
0.10000000000000142;0.1243;-0.1243;-2.941704145447771
0.20000000000000284;0.12;-0.12;-2.955289108576571
0.10000000000000142;0.1119;-0.1119;-2.9613034726198757
0.10000000000000142;0.1083;-0.1083;-2.96711611469167
0.15000000000000213;0.1048;-0.1048;-2.9761729777258616
0.15000000000000213;0.0994;-0.0994;-2.985073842185147
0.10000000000000142;0.094;-0.094;-2.9909831032513563
0.10000000000000142;0.0905;-0.0905;-2.9964692064032756
0.10000000000000142;0.0872;-0.0872;-3.0019470197207774
0.20000000000000284;0.0839;-0.0839;-3.012447932731475
0.10000000000000142;0.0776;-0.0776;-3.0172441826198937
0.10000000000000142;0.0747;-0.0747;-3.0213952888937445
0.15000000000000213;0.0722;-0.0722;-3.027891825170248
0.15000000000000213;0.0683;-0.0683;-3.0341509466353376
0.10000000000000142;0.0646;-0.0646;-3.038347497545038
0.15000000000000213;0.0621;-0.0621;-3.044239206251323
0.15000000000000213;0.0585;-0.0585;-3.0489884941786003
0.20000000000000284;0.0557;-0.0557;-3.054850960463662
0.10000000000000142;0.0522;-0.0522;-3.057603900536828
0.15000000000000213;0.0505;-0.0505;-3.061545717622482
0.15000000000000213;0.0481;-0.0481;-3.065227003356302
0.15000000000000213;0.0459;-0.0459;-3.068790632460757
0.20000000000000284;0.0438;-0.0438;-3.073229773660239
0.15000000000000213;0.0411;-0.0411;-3.0776502402100685
0.20000000000000284;0.0385;-0.0385;-3.0826826123615447
0.10000000000000142;0.0355;-0.0355;-3.0853032615571054
0.15000000000000213;0.0339;-0.0339;-3.0881710934223503
0.10000000000000142;0.0322;-0.0322;-3.0905726304410117
0.10000000000000142;0.0307;-0.0307;-3.0928861335177484
0.10000000000000142;0.0293;-0.0293;-3.095102227248799
0.15000000000000213;0.028;-0.028;-3.098276724332948
0.15000000000000213;0.0261;-0.0261;-3.1013365440925016
0.15000000000000213;0.0243;-0.0243;-3.104336576945365
0.15000000000000213;0.0225;-0.0225;-3.1069591238605416
0.10000000000000142;0.0209;-0.0209;-3.1087236821410684
0.15000000000000213;0.02;-0.02;-3.1106750602587083
0.10000000000000142;0.02;-0.02;-3.111743227669609
0.15000000000000213;0.02;-0.02;-3.1130221648913055
0.10000000000000142;0.02;-0.02;-3.1141226685871555
0.10000000000000142;0.02;-0.02;-3.115043608060862
0.20000000000000284;0.02;-0.02;-3.1170581273228004
0.15000000000000213;0.02;-0.02;-3.1185353114710592
0.15000000000000213;0.02;-0.02;-3.1204360766276262
0.15000000000000213;0.02;-0.02;-3.1219579896898915
0.15000000000000213;0.02;-0.02;-3.123446370203939
0.15000000000000213;0.02;-0.02;-3.125321069089563
0.10000000000000142;0.02;-0.02;-3.1267168759222432
0.20000000000000284;0.02;-0.02;-3.129574470737201
0.20000000000000284;0.02;-0.02;-3.13259508053565
0.10000000000000142;0.0;0.0;-3.132602569500608
0.15000000000000213;0.8918;0.7082;-3.144981957540947
0.10000000000000142;0.7681;0.8319;-3.146774852570238
0.15000000000000213;0.7501;0.8499;-3.140780719932058
0.10000000000000142;0.8101;0.7899;-3.1400737748061376
0.10000000000000142;0.8171;0.7829;-3.140273640400758
0.20000000000000284;0.8151;0.7849;-3.1405005368889616
0.15000000000000213;0.8129;0.7871;-3.140417404034271
0.15000000000000213;0.8137;0.7863;-3.1404654186304373
0.15000000000000213;0.8132;0.7868;-3.140558776027508
0.10000000000000142;0.8123;0.7877;-3.1405500132543316
0.10000000000000142;0.8124;0.7876;-3.1406763841239824
0.15000000000000213;0.8111;0.7889;-3.140616729592278
0.15000000000000213;0.8117;0.7883;-3.140505109944158
0.20000000000000284;0.8128;0.7872;-3.140464708466014
0.20000000000000284;0.8132;0.7868;-3.1404998183722332
0.10000000000000142;0.8129;0.7871;-3.1404733993523477
0.15000000000000213;0.8131;0.7869;-3.1404991496082477
0.10000000000000142;0.8129;0.7871;-3.1406865442269267
0.10000000000000142;0.811;0.789;-3.14059039061234
0.15000000000000213;0.812;0.788;-3.140680626519138
0.10000000000000142;0.8111;0.7889;-3.1417517458652457
0.19999999999999218;0.8004;0.7996;-3.1432250086323528
0.09999999999999432;0.7856;0.8144;-3.1422583966905595
0.14999999999999147;0.7953;0.8047;-3.141790018472846
0.19999999999998863;0.8;0.8;-3.142598153594152
0.09999999999999432;0.7919;0.8081;-3.142238903332996
0.14999999999999147;0.7955;0.8045;-3.14291787100941
0.14999999999999147;0.7887;0.8113;-3.142173211298536
0.19999999999998863;0.7961;0.8039;-3.1416206159253943
0.09999999999999432;0.8017;0.7983;-3.1409140599237277
0.19999999999998863;0.8087;0.7913;-3.1411434599599946
0.09999999999999432;0.8064;0.7936;-3.1415207158020144
0.14999999999999147;0.8027;0.7973;-3.142393360910809
0.09999999999999432;0.7939;0.8061;-3.142212455825145
0.14999999999999147;0.7957;0.8043;-3.1416739501783577
0.19999999999998863;0.8011;0.7989;-3.140268770259568
0.19999999999998863;0.8152;0.7848;-3.1435067901609184
0.14999999999999147;0.7828;0.8172;-3.141864308697896
0.09999999999999432;0.7992;0.8008;-3.141341972657507
0.14999999999999147;0.8044;0.7956;-3.140655061018881
0.14999999999999147;0.8113;0.7887;-3.1417873781444747
0.14999999999999147;0.8;0.8;-3.14292893998776
0.14999999999999147;0.7886;0.8114;-3.142425697343051
0.19999999999998863;0.7936;0.8064;-3.1412065446985125
0.14999999999999147;0.8058;0.7942;-3.1411676036495155
0.19999999999998863;0.8062;0.7938;-3.1402949659965875
0.14999999999999147;0.8149;0.7851;-3.142099568277553
0.14999999999999147;0.7969;0.8031;-3.141511296907496
0.09999999999999432;0.8028;0.7972;-3.1409113930611237
0.14999999999999147;0.8088;0.7912;-3.1406841122553146
0.2499999999999858;0.811;0.789;-3.1403479658041937
0.14999999999999147;0.8144;0.7856;-3.140774442340889
0.09999999999999432;0.8101;0.7899;-3.1409708991674887
0.14999999999999147;0.8082;0.7918;-3.1411291143751003
0.14999999999999147;0.8066;0.7934;-3.1408025971091376
0.14999999999999147;0.8098;0.7902;-3.140480986994797
0.09999999999999432;0.8131;0.7869;-3.1405274645972794
0.3499999999999801;0.8126;0.7874;-3.145575730026093
0.19999999999998863;0.7621;0.8379;-3.140876693897029
0.09999999999999432;0.8091;0.7909;-3.141015256456116
0.09999999999999432;0.8077;0.7923;-3.142143036464768
0.19999999999998863;0.7964;0.8036;-3.142395772100815
0.09999999999999432;0.7939;0.8061;-3.1426602078760864
0.14999999999999147;0.7913;0.8087;-3.142810621602614
0.09999999999999432;0.7898;0.8102;-3.1430190299639396
0.14999999999999147;0.7877;0.8123;-3.1429246603565733
0.14999999999999147;0.7886;0.8114;-3.1424164003679174
0.09999999999999432;0.7937;0.8063;-3.1417209038052327
0.09999999999999432;0.8007;0.7993;-3.1409637160259645
0.09999999999999432;0.8082;0.7918;-3.141313239061718
0.19999999999998863;0.8047;0.7953;-3.142918713208429
0.09999999999999432;0.8047;0.7953;-3.1437386334039235
0.14999999999999147;-0.4;-0.4;-3.1424997012791964
0.19999999999998863;-0.4;-0.4;-3.1432807466382173
0.09999999999999432;-0.4;-0.4;-3.1436907818167383
0.09999999999999432;-0.4;-0.4;-3.1444167364035724
0.09999999999999432;-0.4;-0.4;-3.14491626718041
0.14999999999999147;-0.4;-0.4;-3.1451983564766492
0.14999999999999147;-0.4;-0.4;-3.145261114240115
0.14999999999999147;-0.4;-0.4;-3.146212542893391
0.09999999999999432;-0.4;-0.4;-3.1467607689922095
0.19999999999998863;-0.4;-0.4;-3.1467309588253296
0.14999999999999147;-0.4;-0.4;-3.147143436706192
0.09999999999999432;-0.4;-0.4;-3.1473602172130453
0.09999999999999432;-0.4;-0.4;-3.1474693735826085
0.14999999999999147;-0.4;-0.4;-3.1476271026328266
0.09999999999999432;-0.4;-0.4;-3.147698560297899
0.09999999999999432;-0.4;-0.4;-3.147867272396954
0.14999999999999147;-0.4;-0.4;-3.1481088030059974
0.19999999999998863;-0.4;-0.4;-3.148036176107532
0.09999999999999432;-0.4;-0.4;-3.1478206689910397
0.19999999999998863;-0.4;-0.4;-3.1469218603642766
0.09999999999999432;-0.4;-0.4;-3.1467827888612314
0.14999999999999147;-0.4;-0.4;-3.1468028196992495
0.09999999999999432;-0.4;-0.4;-3.1467386991374062
0.09999999999999432;-0.4;-0.4;-3.146446475549535
0.09999999999999432;-0.4;-0.4;-3.1461249567181757
0.19999999999998863;-0.4;-0.4;-3.1452354657920276
0.14999999999999147;-0.4;-0.4;-3.144465428931504
0.09999999999999432;-0.4;-0.4;-3.143995847929806
0.09999999999999432;-0.4;-0.4;-3.143301318067739
0.09999999999999432;-0.4;-0.4;-3.1426964303346527
0.09999999999999432;-0.4;-0.4;-3.1419819323520644
0.09999999999999432;-0.4;-0.4;-3.1412529026086435
0.09999999999999432;-0.4;-0.4;-3.1404924919415795
0.14999999999999147;-0.4;-0.4;-3.1393233339975968
0.14999999999999147;-0.4;-0.4;-3.1382796990707953
0.09999999999999432;-0.4;-0.4;-3.137920405290106
0.09999999999999432;-0.4;-0.4;-3.137189539825345
0.14999999999999147;-0.4;-0.4;-3.1360043385511798
0.14999999999999147;-0.4;-0.4;-3.1347566021343805
0.14999999999999147;-0.4;-0.4;-3.1337111393123767
0.09999999999999432;-0.4;-0.4;-3.132896397662525
0.19999999999998863;-0.4;-0.4;-3.131440760311021
0.09999999999999432;-0.4;-0.4;-3.1306635175211532
0.14999999999999147;-0.4;-0.4;-3.1297868997791998
0.09999999999999432;-0.4;-0.4;-3.1293687547456854
0.09999999999999432;-0.4;-0.4;-3.1291121603966476
0.09999999999999432;-0.4;-0.4;-3.1289943936453426
0.09999999999999432;-0.4;-0.4;-3.1291947354589973
0.09999999999999432;-0.4;-0.4;-3.1297493912504564
0.09999999999999432;-0.4;-0.4;-3.1304185202949735
0.19999999999998863;-0.4;-0.4;-3.1307382019529753
0.09999999999999432;-0.4;-0.4;-3.130526126416433
0.09999999999999432;-0.4;-0.4;-3.130157277122072
0.14999999999999147;-0.4;-0.4;-3.1289207445270875
0.09999999999999432;-0.4;-0.4;-3.128178178479821
0.09999999999999432;-0.4;-0.4;-3.1275455560147623
0.14999999999999147;-0.4;-0.4;-3.127191192525886
0.09999999999999432;-0.4;-0.4;-3.127257129550002
0.14999999999999147;-0.4;-0.4;-3.1269953414568477
0.14999999999999147;-0.4;-0.4;-3.126010910383107
0.09999999999999432;-0.4;-0.4;-3.125266614200827
0.14999999999999147;-0.4;-0.4;-3.1241054714092407
0.14999999999999147;0.8;-0.2;-3.1339798508349688
0.09999999999999432;0.8;-0.2;-3.1543267812346802
0.14999999999999147;0.8;-0.2;-3.198012922431079
0.09999999999999432;0.8;-0.2;-3.2270678044481014
0.14999999999999147;0.8;-0.2;-3.271187697743796
0.19999999999998863;0.8;-0.2;-3.326970900644729
0.09999999999999432;0.8;-0.2;-3.354537883769763
0.14999999999999147;0.8;-0.2;-3.396294568893493
0.09999999999999432;0.8;-0.2;-3.4253556024344243
0.14999999999999147;0.8;-0.2;-3.469138370188254
0.09999999999999432;0.8;-0.2;-3.498165443312388
0.14999999999999147;0.8;-0.2;-3.5405951103288444
0.14999999999999147;0.8;-0.2;-3.5838503584306247
0.14999999999999147;0.8;-0.2;-3.6297992971131827
0.14999999999999147;0.8;-0.2;-3.6761831694047302
0.14999999999999147;0.8;-0.2;-3.722920677359943
0.09999999999999432;0.8;-0.2;-3.754137094962611
0.14999999999999147;0.8;-0.2;-3.8008800068226343
0.09999999999999432;0.8;-0.2;-3.8321404107926824
0.14999999999999147;0.8;-0.2;-3.879045710897369
0.09999999999999432;0.8;-0.2;-3.9101776027651938
0.19999999999998863;0.8;-0.2;-3.9720472554289055
0.14999999999999147;0.8;-0.2;-4.017782545983862
0.09999999999999432;0.8;-0.2;-4.048317919414458
0.14999999999999147;0.8;-0.2;-4.093344920966291
0.14999999999999147;0.8;-0.2;-4.141017894534457
0.14999999999999147;0.8;-0.2;-4.18758290683854
0.14999999999999147;0.8;-0.2;-4.233890659628457
0.19999999999998863;0.8;-0.2;-4.294573503776912
0.14999999999999147;0.8;-0.2;-4.340099321585685
0.19999999999998863;0.8;-0.2;-4.400953079304205
0.09999999999999432;0.8;-0.2;-4.430995862562658
0.14999999999999147;0.8;-0.2;-4.475393062551519
0.14999999999999147;0.8;-0.2;-4.520609620766054
0.09999999999999432;0.8;-0.2;-4.550325965397414
0.14999999999999147;0.8;-0.2;-4.59549982211628
0.2499999999999858;0.8;-0.2;-4.670704639788323
0.14999999999999147;0.8;-0.2;-4.715699121110631
0.09999999999999432;0.8;-0.2;-4.746987489197261
0.14999999999999147;0.8;-0.2;-4.7934182820600055
0.09999999999999432;0.8;-0.2;-4.8235035358388405
0.09999999999999432;0.8;-0.2;-4.853988329539986
0.14999999999999147;0.8;-0.2;-4.8985676834028835
0.09999999999999432;0.8;-0.2;-4.928768449562237
0.19999999999998863;0.8;-0.2;-4.98923833902964
0.14999999999999147;0.7772;-0.1943;-5.032960849791054
0.14999999999999147;0.7509;-0.1877;-5.075674661765415
0.09999999999999432;0.7253;-0.1813;-5.102893239586745
0.14999999999999147;0.709;-0.1772;-5.14292980938558
0.14999999999999147;0.6849;-0.1712;-5.181356885218586
0.19999999999998863;0.6619;-0.1655;-5.230738362084578
0.09999999999999432;0.6323;-0.1581;-5.254702411248156
0.14999999999999147;0.6179;-0.1545;-5.2895730466129045
0.14999999999999147;0.597;-0.1492;-5.3233893936603325
0.14999999999999147;0.5767;-0.1442;-5.356180197560059
0.14999999999999147;0.557;-0.1392;-5.388046550359821
0.09999999999999432;0.5379;-0.1345;-5.408595483388243
0.09999999999999432;0.5255;-0.1314;-5.428650496371132
0.14999999999999147;0.5135;-0.1284;-5.458663547602198
0.09999999999999432;0.4955;-0.1239;-5.478012847465125
0.19999999999998863;0.4839;-0.121;-5.515490400796029
0.19999999999998863;0.4614;-0.1154;-5.551634761741517
0.09999999999999432;0.4397;-0.1099;-5.568666856320394
0.19999999999998863;0.4295;-0.1074;-5.602241780051977
0.09999999999999432;0.4094;-0.1023;-5.6180915844197035
0.14999999999999147;0.3999;-0.1;-5.641632053448398
0.09999999999999432;0.3857;-0.0964;-5.656729090520319
0.19999999999998863;0.3767;-0.0942;-5.686263022284482
0.14999999999999147;0.3589;-0.0897;-5.707224218607512
0.14999999999999147;0.3464;-0.0866;-5.727356724655234
0.19999999999998863;0.3343;-0.0836;-5.753076358993672
0.09999999999999432;0.3189;-0.0797;-5.765287246325654
0.14999999999999147;0.3115;-0.0779;-5.783021807531385
0.14999999999999147;0.3009;-0.0752;-5.800088492611238
0.19999999999998863;0.2907;-0.0727;-5.822062920658529
0.19999999999998863;0.2775;-0.0694;-5.84304269112612
0.09999999999999432;0.2649;-0.0662;-5.8530664747529055
0.14999999999999147;0.2589;-0.0647;-5.867737644967892
0.09999999999999432;0.2501;-0.0625;-5.877128283215937
0.14999999999999147;0.2444;-0.0611;-5.891139805778966
0.09999999999999432;0.236;-0.059;-5.899892064092906
0.09999999999999432;0.2308;-0.0577;-5.9081782492240835
0.19999999999998863;0.2258;-0.0564;-5.924248846690479
0.19999999999998863;0.2162;-0.054;-5.93992079517926
0.14999999999999147;0.2068;-0.0517;-5.951296082936659
0.14999999999999147;0.1999;-0.05;-5.962747610772726
0.14999999999999147;0.1931;-0.0483;-5.973551757996825
0.14999999999999147;0.1866;-0.0466;-5.984250791073478
0.09999999999999432;0.1802;-0.045;-5.991090290364953
0.14999999999999147;0.1761;-0.044;-6.001209409590901
0.2499999999999858;0.17;-0.0425;-6.017355387874711
0.14999999999999147;0.1603;-0.0401;-6.026528361580433
0.14999999999999147;0.1548;-0.0387;-6.035366626866041
0.14999999999999147;0.1495;-0.0374;-6.043944304869801
0.09999999999999432;0.1443;-0.0361;-6.0494478350665
0.14999999999999147;0.141;-0.0353;-6.057570178323585
0.09999999999999432;0.1362;-0.034;-6.062766546804481
0.19999999999998863;0.133;-0.0333;-6.07274579024813
0.14999999999999147;0.1271;-0.0318;-6.079897799800361
0.14999999999999147;0.1228;-0.0307;-6.086809520495046
0.09999999999999432;0.1186;-0.0297;-6.091261853538589
0.09999999999999432;0.1159;-0.029;-6.095613349049191
0.14999999999999147;0.1133;-0.0283;-6.101994273005
0.09999999999999432;0.1095;-0.0274;-6.10610507892525
0.09999999999999432;0.107;-0.0268;-6.110122900718794
0.14999999999999147;0.1046;-0.0262;-6.116013672671492
0.19999999999998863;0.1011;-0.0253;-6.1236017082584295
0.14999999999999147;0.0965;-0.0241;-6.12903835833785
0.09999999999999432;0.0933;-0.0233;-6.13254014354391
0.14999999999999147;0.0912;-0.0228;-6.1376736723236975
0.14999999999999147;0.0881;-0.022;-6.142634397053509
0.09999999999999432;0.0851;-0.0213;-6.145829909092343
0.09999999999999432;0.0832;-0.0208;-6.148953065978218
0.09999999999999432;0.0813;-0.0203;-6.152005854973079
0.2499999999999858;0.0795;-0.0199;-6.159464536049171
0.10000000000000142;0.075;-0.0188;-6.162281546658918
0.09999999999999432;0.0733;-0.0183;-6.165034328241846
0.14999999999999147;0.0717;-0.0179;-6.169070148146847
0.09999999999999432;0.0693;-0.0173;-6.1716702836721495
0.14999999999999147;0.0677;-0.0169;-6.175482046832184
0.14999999999999147;0.0654;-0.0164;-6.179165592964665
0.19999999999998863;0.0632;-0.0158;-6.183911092465448
0.14999999999999147;0.0604;-0.0151;-6.187309126352848
0.09999999999999432;0.0583;-0.0146;-6.189498453314762
0.14999999999999147;0.057;-0.0143;-6.1927132074783025
0.14999999999999147;0.0551;-0.0138;-6.1958348281312015
0.14999999999999147;0.0532;-0.0133;-6.198886013543956
0.09999999999999432;0.0514;-0.0128;-6.200819513028995
0.09999999999999432;0.0502;-0.0126;-6.2027355739690355
0.14999999999999147;0.0491;-0.0123;-6.205538088680911
0.14999999999999147;0.0474;-0.0118;-6.208291857166578
0.09999999999999432;0.0457;-0.0114;-6.210058484219152
0.09999999999999432;0.0447;-0.0112;-6.211780419743346
0.09999999999999432;0.0436;-0.0109;-6.213447562771687
0.14999999999999147;0.0426;-0.0107;-6.215903370829252
0.09999999999999432;0.0412;-0.0103;-6.2174796077087775
0.19999999999998863;0.0402;-0.0101;-6.22051733952033
0.09999999999999432;0.0384;-0.0096;-6.222006150988139
0.19999999999998863;0.0375;-0.0094;-6.224909911636783
0.09999999999999432;0.0358;-0.0089;-6.2262230437746435
0.14999999999999147;0.035;-0.0087;-6.228230784897434
0.09999999999999432;0.0338;-0.0084;-6.229476648809087
0.09999999999999432;0.033;-0.0083;-6.230713786065176
0.09999999999999432;0.0323;-0.0081;-6.231948903766641
0.09999999999999432;0.0315;-0.0079;-6.233163673913554
0.09999999999999432;0.0308;-0.0077;-6.234348111255494
0.14999999999999147;0.0301;-0.0075;-6.236095803993966
0.14999999999999147;0.029;-0.0073;-6.237772183829262
0.09999999999999432;0.028;-0.007;-6.238826073787763
0.09999999999999432;0.0274;-0.0069;-6.239863665577425
0.14999999999999147;0.0268;-0.0067;-6.241404647570845
0.14999999999999147;0.0259;-0.0065;-6.242868890066054
0.09999999999999432;0.025;-0.0062;-6.243785838862908
0.09999999999999432;0.0244;-0.0061;-6.244708531227663
0.19999999999998863;0.0239;-0.006;-6.246535434266201
0.14999999999999147;0.0228;-0.0057;-6.247844701344088
0.09999999999999432;0.022;-0.0055;-6.2486871931288945
0.14999999999999147;0.0215;-0.0054;-6.249921559814448
0.14999999999999147;0.0208;-0.0052;-6.251113180239018
0.09999999999999432;0.02;-0.005;-6.251842372384794
0.14999999999999147;0.02;-0.005;-6.252933904195849
0.14999999999999147;0.02;-0.005;-6.2540264026985914
0.2499999999999858;0.02;-0.005;-6.255947235325431
0.09999999999999432;0.02;-0.005;-6.2566829634604755
0.19999999999998863;0.02;-0.005;-6.258179433755566
0.14999999999999147;0.02;-0.005;-6.2593033319565565
0.14999999999999147;0.02;-0.005;-6.2604472358120935
0.09999999999999432;0.02;-0.005;-6.261174948075689
0.14999999999999147;0.02;-0.005;-6.262286015971722
0.14999999999999147;0.02;-0.005;-6.26342526197128
0.19999999999998863;0.02;-0.005;-6.264964006478204
0.14999999999999147;0.02;-0.005;-6.266120687878323
0.19999999999998863;0.02;-0.005;-6.267609940399776
0.09999999999999432;0.02;-0.005;-6.26834820607599
0.19999999999998863;0.02;-0.005;-6.26985873810325
0.14999999999999147;0.02;-0.005;-6.271023564207528
0.09999999999999432;0.02;-0.005;-6.2717914908920145
0.19999999999998863;0.02;-0.005;-6.273259232838995
0.14999999999999147;0.02;-0.005;-6.274391132897633
0.14999999999999147;0.02;-0.005;-6.275546574912695
0.09999999999999432;0.0;0.0;-6.275547852902058
0.14999999999999147;0.8896;0.7104;-6.2776518883132955
0.09999999999999432;0.8686;0.7314;-6.281460969156114
0.14999999999999147;0.8305;0.7695;-6.283010132568155
0.14999999999999147;0.815;0.785;-6.283123662015786
0.2499999999999858;0.8139;0.7861;-6.283179506869251
0.09999999999999432;0.8133;0.7867;-6.28321940811669
0.09999999999999432;0.8129;0.7871;-6.2831855342802525
0.14999999999999147;0.8133;0.7867;-6.283316154218583
0.14999999999999147;0.812;0.788;-6.283361850804589
0.09999999999999432;0.8115;0.7885;-6.283285973559981
0.14999999999999147;0.8123;0.7877;-6.283392671273302
0.19999999999998863;0.8112;0.7888;-6.283338933313124
0.14999999999999147;0.8117;0.7883;-6.283298948914153
0.14999999999999147;0.8121;0.7879;-6.283451698504418
0.14999999999999147;0.8106;0.7894;-6.28332036673721
0.14999999999999147;0.8119;0.7881;-6.283438791435173
0.09999999999999432;0.8107;0.7893;-6.283279571737428
0.19999999999998863;0.8123;0.7877;-6.284223476470821
0.09999999999999432;0.8029;0.7971;-6.284539710648109
0.19999999999998863;0.7997;0.8003;-6.284762808700275
0.09999999999999432;0.7975;0.8025;-6.2846192502849325
0.19999999999998863;0.7989;0.8011;-6.2843627628545455
0.09999999999999432;0.8015;0.7985;-6.284321515061558
0.09999999999999432;0.8019;0.7981;-6.284366787700977
0.09999999999999432;0.8014;0.7986;-6.284464463860347
0.14999999999999147;0.8005;0.7995;-6.28461088549033
0.19999999999998863;0.799;0.801;-6.284687097712059
0.14999999999999147;0.7982;0.8018;-6.284654196724057
0.14999999999999147;0.7986;0.8014;-6.284262427989552
0.19999999999998863;0.8025;0.7975;-6.283230369098054
0.14999999999999147;0.8128;0.7872;-6.284686439938835
0.09999999999999432;0.7982;0.8018;-6.284479848800179
0.14999999999999147;0.8003;0.7997;-6.285389219859616
0.2499999999999858;0.7912;0.8088;-6.28605706590171
0.14999999999999147;0.7845;0.8155;-6.285843877668156
0.14999999999999147;0.7867;0.8133;-6.284492849004381
0.14999999999999147;0.8002;0.7998;-6.284402072754295
0.09999999999999432;0.8011;0.7989;-6.284197806019658
0.14999999999999147;0.8031;0.7969;-6.284020079879533
0.09999999999999432;0.8049;0.7951;-6.283939907119854
0.14999999999999147;0.8057;0.7943;-6.283743856315669
0.14999999999999147;0.8077;0.7923;-6.283444451176305
0.14999999999999147;0.8107;0.7893;-6.283204161374046
0.29999999999998295;0.8131;0.7869;-6.283933642599039
0.14999999999999147;0.8058;0.7942;-6.283191620167479
0.14999999999999147;0.8132;0.7868;-6.28314522926093
0.14999999999999147;0.8137;0.7863;-6.283152727760891
0.09999999999999432;0.8136;0.7864;-6.283134955448131
0.09999999999999432;0.8138;0.7862;-6.283491086070209
0.19999999999998863;0.8102;0.7898;-6.286233363843484
0.09999999999999432;0.7828;0.8172;-6.285423781617239
0.14999999999999147;0.7909;0.8091;-6.2838256706446245
0.09999999999999432;0.8069;0.7931;-6.2843560741827424
0.14999999999999147;0.8016;0.7984;-6.285539129787688
0.09999999999999432;0.7897;0.8103;-6.28543331125432
0.09999999999999432;0.7908;0.8092;-6.284678155753686
0.14999999999999147;0.7983;0.8017;-6.284220664372967
0.09999999999999432;0.8029;0.7971;-6.284136467947002
0.19999999999998863;0.8037;0.7963;-6.284139873168524
0.09999999999999432;0.8037;0.7963;-6.284178059089613
0.09999999999999432;0.8033;0.7967;-6.284145348650279
0.04999999999999716;0.8037;0.7963;-6.2840470729971605
0.14999999999999147;0.8046;0.7954;-6.283178342237108
0.09999999999999432;0.8133;0.7867;-6.283567284336525
0.14999999999999147;0.8094;0.7906;-6.284586042245611
0.09999999999999432;0.7993;0.8007;-6.284977900011753
0.14999999999999147;0.7953;0.8047;-6.284512784196077
0.09999999999999432;0.8;0.8;-6.2839773949438005
0.09999999999999432;0.8053;0.7947;-6.284307374673264
0.09999999999999432;0.802;0.798;-6.285158869532974
0.09999999999999432;0.7935;0.8065;-6.28549289250463
0.14999999999999147;0.7902;0.8098;-6.285484480553685
0.14999999999999147;0.7903;0.8097;-6.285323196542142
0.14999999999999147;0.7919;0.8081;-6.285156669468215
0.14999999999999147;0.7935;0.8065;-6.284991207606282
0.09999999999999432;0.7935;0.8065;-6.2847732189830126
0.09999999999999432;-0.4;-0.4;-6.282909604144644
0.09999999999999432;-0.4;-0.4;-6.282902949977726
0.14999999999999147;-0.4;-0.4;-6.282951105725426
0.09999999999999432;-0.4;-0.4;-6.283014171306103
0.14999999999999147;-0.4;-0.4;-6.283162434074396
0.09999999999999432;-0.4;-0.4;-6.283241420141535
0.19999999999998863;-0.4;-0.4;-6.283252421347724
0.14999999999999147;-0.4;-0.4;-6.283254068797425
0.09999999999999432;-0.4;-0.4;-6.2832618433591145
0.09999999999999432;-0.4;-0.4;-6.283257484848942
0.09999999999999432;-0.4;-0.4;-6.283283777021626
0.14999999999999147;-0.4;-0.4;-6.283514230236878
0.09999999999999432;-0.4;-0.4;-6.284022355907606
0.09999999999999432;-0.4;-0.4;-6.284448666487051
0.14999999999999147;-0.4;-0.4;-6.285610375443298
0.14999999999999147;-0.4;-0.4;-6.286521107321841
0.14999999999999147;-0.4;-0.4;-6.28601568507919
0.14999999999999147;-0.4;-0.4;-6.284926788236588
0.14999999999999147;-0.4;-0.4;-6.283833542018996
0.09999999999999432;-0.4;-0.4;-6.283823157116161
0.14999999999999147;-0.4;-0.4;-6.283798359222967
0.09999999999999432;-0.4;-0.4;-6.283956148743941
0.19999999999998863;-0.4;-0.4;-6.285051114681174
0.09999999999999432;-0.4;-0.4;-6.285599862694214
0.14999999999999147;-0.4;-0.4;-6.286022403486119
0.09999999999999432;-0.4;-0.4;-6.286258716319813
0.09999999999999432;-0.4;-0.4;-6.286418459044407
0.14999999999999147;-0.4;-0.4;-6.286908243638136
0.14999999999999147;-0.4;-0.4;-6.28737226623889
0.19999999999998863;-0.4;-0.4;-6.288197293791474
0.14999999999999147;-0.4;-0.4;-6.288944985806129
0.09999999999999432;-0.4;-0.4;-6.289576362194965
0.19999999999998863;-0.4;-0.4;-6.290978231257825
0.14999999999999147;-0.4;-0.4;-6.2920331579630995
0.09999999999999432;-0.4;-0.4;-6.29246077114391
0.09999999999999432;-0.4;-0.4;-6.293103835205451
0.09999999999999432;-0.4;-0.4;-6.293822228220257
0.09999999999999432;-0.4;-0.4;-6.294478915916857
0.14999999999999147;-0.4;-0.4;-6.2955106178349975
0.09999999999999432;-0.4;-0.4;-6.2961404764342115
0.09999999999999432;-0.4;-0.4;-6.296899055328446
0.09999999999999432;-0.4;-0.4;-6.297664384573005
0.09999999999999432;-0.4;-0.4;-6.298425004543909
0.09999999999999432;-0.4;-0.4;-6.299190454893835
0.09999999999999432;-0.4;-0.4;-6.299734710772879
0.14999999999999147;-0.4;-0.4;-6.300266961974211
0.19999999999998863;-0.4;-0.4;-6.300563076436002
0.14999999999999147;-0.4;-0.4;-6.300057439224402
0.09999999999999432;-0.4;-0.4;-6.299726308225693
0.14999999999999147;-0.4;-0.4;-6.2995460318347325
0.09999999999999432;-0.4;-0.4;-6.299690204917517
0.09999999999999432;-0.4;-0.4;-6.30047460976697
0.09999999999999432;-0.4;-0.4;-6.301241942608733
0.09999999999999432;-0.4;-0.4;-6.301842032398193
0.09999999999999432;-0.4;-0.4;-6.301985584655168
0.14999999999999147;-0.4;-0.4;-6.30111971421099
0.14999999999999147;-0.4;-0.4;-6.30030374430464
0.09999999999999432;-0.4;-0.4;-6.2997090177198265
0.14999999999999147;-0.4;-0.4;-6.298888204209012
0.09999999999999432;-0.4;-0.4;-6.2983518990497345
0.09999999999999432;-0.4;-0.4;-6.298004559879699
0.09999999999999432;-0.4;-0.4;-6.297772417647337
0.19999999999998863;-0.2;0.8;-6.268257236451907
0.09999999999999432;-0.2;0.8;-6.238834982253414
0.14999999999999147;-0.2;0.8;-6.191395229784863
0.09999999999999432;-0.2;0.8;-6.1607093822659245
0.14999999999999147;-0.2;0.8;-6.115899998238999
0.09999999999999432;-0.2;0.8;-6.0880002703887435
0.09999999999999432;-0.2;0.8;-6.059703772051562
0.09999999999999432;-0.2;0.8;-6.0312510015996255
0.14999999999999147;-0.2;0.8;-5.989111043271011
0.19999999999998863;-0.2;0.8;-5.932213992579924
0.14999999999999147;-0.2;0.8;-5.8869771581845844
0.14999999999999147;-0.2;0.8;-5.842622912934261
0.09999999999999432;-0.2;0.8;-5.813010932171634
0.14999999999999147;-0.2;0.8;-5.76916615900104
0.09999999999999432;-0.2;0.8;-5.7407775607183735
0.14999999999999147;-0.2;0.8;-5.698724123527975
0.19999999999998863;-0.2;0.8;-5.643036992490561
0.09999999999999432;-0.2;0.8;-5.6154987191402235
0.09999999999999432;-0.2;0.8;-5.588729680867656
0.09999999999999432;-0.2;0.8;-5.562158537032248
0.14999999999999147;-0.2;0.8;-5.522035776936153
0.09999999999999432;-0.2;0.8;-5.495096873926469
0.14999999999999147;-0.2;0.8;-5.455233388380958
0.14999999999999147;-0.2;0.8;-5.414723763458556
0.14999999999999147;-0.2;0.8;-5.374080064368757
0.14999999999999147;-0.2;0.8;-5.332932296471645
0.19999999999998863;-0.2;0.8;-5.27609536116561
0.09999999999999432;-0.2;0.8;-5.249721331975398
0.14999999999999147;-0.2;0.8;-5.208674145618887
0.14999999999999147;-0.2;0.8;-5.168370158391959
0.09999999999999432;-0.2;0.8;-5.141801998571014
0.14999999999999147;-0.2;0.8;-5.098410580204923
0.14999999999999147;-0.2;0.8;-5.054722150451283
0.14999999999999147;-0.2;0.8;-5.009664895242138
0.14999999999999147;-0.2;0.8;-4.964893428916571
0.09999999999999432;-0.2;0.8;-4.934509889052887
0.14999999999999147;-0.2;0.8;-4.889310991782861
0.09999999999999432;-0.2;0.8;-4.858540833679926
0.14999999999999147;-0.2;0.8;-4.814049376667732
0.2499999999999858;-0.2;0.8;-4.7404934225551765
0.09999999999999432;-0.2;0.8;-4.710941965125554
0.09999999999999432;-0.2;0.8;-4.680619618080031
0.14999999999999147;-0.2;0.8;-4.635321386880149
0.09999999999999432;-0.2;0.8;-4.6049485178963145
0.14999999999999147;-0.2;0.8;-4.559834027728836
0.09999999999999432;-0.2;0.8;-4.52994786718305
0.09999999999999432;-0.2;0.8;-4.498952801261885
0.2499999999999858;-0.2;0.8;-4.421650832199456
0.09999999999999432;-0.1917;0.767;-4.390822121692172
0.09999999999999432;-0.1871;0.7485;-4.360970614654201
0.09999999999999432;-0.1826;0.7305;-4.332918199885961
0.14999999999999147;-0.1784;0.7137;-4.292809813354749
0.14999999999999147;-0.1724;0.6896;-4.25407010412495
0.14999999999999147;-0.1666;0.6664;-4.216067514728163
0.09999999999999432;-0.1609;0.6436;-4.192073660650913
0.19999999999998863;-0.1573;0.6292;-4.144540445043762
0.09999999999999432;-0.1502;0.6007;-4.122149948438739
0.09999999999999432;-0.1468;0.5873;-4.100250857257392
0.09999999999999432;-0.1435;0.5741;-4.078521618202453
0.09999999999999432;-0.1403;0.5611;-4.05770385262899
0.14999999999999147;-0.1371;0.5486;-4.0286422231776395
0.09999999999999432;-0.1328;0.5311;-4.010334058974005
0.19999999999998863;-0.13;0.5202;-3.9759009743831943
0.19999999999998863;-0.1249;0.4995;-3.9426977154703016
0.14999999999999147;-0.1199;0.4796;-3.9175824197218807
0.09999999999999432;-0.1161;0.4645;-3.901230294077516
0.14999999999999147;-0.1137;0.4547;-3.8764895627017237
0.19999999999998863;-0.11;0.4399;-3.8447155709838867
0.09999999999999432;-0.1052;0.4208;-3.829474538003434
0.14999999999999147;-0.1029;0.4116;-3.807226320955682
0.19999999999998863;-0.0996;0.3983;-3.779230674156477
0.09999999999999432;-0.0954;0.3815;-3.765820592870158
0.14999999999999147;-0.0934;0.3735;-3.7460279075673997
0.09999999999999432;-0.0904;0.3616;-3.7330896180123863
0.14999999999999147;-0.0885;0.3538;-3.7138896661683147
0.09999999999999432;-0.0856;0.3423;-3.701517188372775
0.14999999999999147;-0.0837;0.3349;-3.68354140214329
0.09999999999999432;-0.081;0.3241;-3.6718569388095936
0.14999999999999147;-0.0793;0.3171;-3.6546860729699544
0.14999999999999147;-0.0767;0.3068;-3.638234991484114
0.14999999999999147;-0.0742;0.2969;-3.62219366871214
0.14999999999999147;-0.0718;0.2873;-3.6066559892402807
0.09999999999999432;-0.0695;0.278;-3.5966350131615012
0.09999999999999432;-0.068;0.2719;-3.5868260657362523
0.14999999999999147;-0.0665;0.2661;-3.572439949196129
0.09999999999999432;-0.0644;0.2574;-3.5632018906542666
0.19999999999998863;-0.063;0.2519;-3.544978166763975
0.09999999999999432;-0.0602;0.2409;-3.5362979692984116
0.09999999999999432;-0.0589;0.2357;-3.527837189017532
0.14999999999999147;-0.0577;0.2307;-3.515385856549441
0.14999999999999147;-0.0558;0.2232;-3.5035343715960297
0.14999999999999147;-0.054;0.2161;-3.492430402283274
0.09999999999999432;-0.0524;0.2094;-3.4849475863182255
0.14999999999999147;-0.0512;0.2049;-3.474385857625905
