0.20000000000004547;0.8002;0.7998;-0.003258869787835796
0.10000000000002274;0.7843;0.8157;-0.0023707697445434694
0.10000000000002274;0.7931;0.8069;-0.0012040598430159224
0.10000000000002274;0.8048;0.7952;-0.001389845677003464
0.1500000000000341;0.803;0.797;-0.002510791948799516
0.10000000000002274;0.7917;0.8083;-0.002454790250745602
0.20000000000004547;0.7923;0.8077;-0.00230810924624304
0.1500000000000341;0.7938;0.8062;-0.0005238295370670425
0.1500000000000341;0.8116;0.7884;-0.0014865473801064966
0.20000000000004547;0.802;0.798;-0.003417472388212027
0.20000000000004547;0.7827;0.8173;-0.0013611371870326386
0.1500000000000341;0.8032;0.7968;-0.0014685617492376031
0.1500000000000341;0.8022;0.7978;-0.001575610100673477
0.10000000000002274;0.8011;0.7989;-0.0020874892297411177
0.20000000000004547;0.796;0.804;-0.0032363869940147203
0.25000000000005684;0.7845;0.8155;-0.0029448996546022274
0.10000000000002274;0.7874;0.8126;-0.0029960062580005773
0.10000000000002274;0.7869;0.8131;-0.0030216873395739934
0.1500000000000341;0.7866;0.8134;-0.0030465918941479844
0.1500000000000341;0.7864;0.8136;-0.003034234534614042
0.1500000000000341;0.7865;0.8135;-0.0030402975272568783
0.10000000000002274;0.7864;0.8136;-0.0030465370000938904
0.10000000000002274;0.7864;0.8136;-0.0029413015100699493
0.20000000000004547;0.7874;0.8126;-0.00194520752960794
0.10000000000002274;0.7974;0.8026;-0.0010896589579357605
0.1500000000000341;0.806;0.794;-0.001058266194989343
0.10000000000002274;0.8063;0.7937;-0.0009076019985622776
0.1500000000000341;0.8078;0.7922;-0.000432935787118846
0.1500000000000341;0.8125;0.7875;-0.001008638919514179
0.1500000000000341;0.8068;0.7932;-0.0012036482566399709
0.3000000000000682;0.8048;0.7952;-0.000558350014228688
0.1500000000000341;0.8113;0.7887;-0.001115194813424819
0.1500000000000341;0.8057;0.7943;-0.002838164671176882
0.1500000000000341;0.7885;0.8115;-0.0007652824902343149
0.20000000000004547;0.8092;0.7908;-0.002147809974311803
0.1500000000000341;0.7954;0.8046;-0.0017243024793790651
0.10000000000002274;0.7996;0.8004;-0.0023467143123823723
0.1500000000000341;0.7934;0.8066;-0.0029379430183018697
0.25000000000005684;0.7875;0.8125;-0.0030941438670128813
0.10000000000002274;0.7859;0.8141;-0.003077939673194787
0.20000000000004547;0.7861;0.8139;-0.003037344908884832
0.10000000000002274;0.7865;0.8135;-0.003033395779246266
0.1500000000000341;0.7865;0.8135;-0.003027620575353547
0.1500000000000341;0.7866;0.8134;-0.0030469293742053805
0.10000000000002274;0.7864;0.8136;-0.003046600986434686
0.10000000000002274;0.7864;0.8136;-0.0030498336374981576
0.25000000000005684;0.7864;0.8136;-0.003017210455546033
0.20000000000004547;0.7867;0.8133;-0.0030331590910374186
0.10000000000002274;0.7865;0.8135;-0.0030326625457870143
0.1500000000000341;0.7865;0.8135;-0.0030197722037271766
0.10000000000002274;0.7867;0.8133;-0.003038106217497224
0.1500000000000341;0.7865;0.8135;-0.0030274177846535623
0.10000000000002274;0.7866;0.8134;-0.0030202222570858074
0.10000000000002274;0.7867;0.8133;-0.003027192514025672
0.25000000000005684;0.7866;0.8134;-0.0030584781581248213
0.1500000000000341;0.7863;0.8137;-0.00303592813189854
0.1500000000000341;0.7865;0.8135;-0.003056679196571198
0.1500000000000341;0.7863;0.8137;-0.003037659166000569
0.1500000000000341;0.7865;0.8135;-0.0030502201706883248
0.10000000000002274;0.7864;0.8136;-0.0030349905047451463
0.10000000000002274;0.7865;0.8135;-0.0030428646581304665
0.20000000000004547;0.7864;0.8136;-0.003052953688014666
0.1500000000000341;0.7863;0.8137;-0.0030342746173005752
0.10000000000002274;0.7865;0.8135;-0.003037147114332002
0.1500000000000341;0.7865;0.8135;-0.0030541811511938383
0.1500000000000341;0.7863;0.8137;-0.003027475478183419
0.1500000000000341;0.7866;0.8134;-0.0030454763127328015
0.10000000000002274;0.7864;0.8136;-0.003043440692074238
0.1500000000000341;0.7864;0.8136;-0.003015962859119254
0.1500000000000341;0.7867;0.8133;-0.0030445289183849266
0.10000000000002274;0.7864;0.8136;-0.0030422528565526947
0.1500000000000341;0.7864;0.8136;-0.003026981355995149
0.10000000000002274;0.7866;0.8134;-0.0030235120572363284
0.1500000000000341;0.7866;0.8134;-0.003028889346198737
0.20000000000004547;0.7866;0.8134;-0.003044639243400208
0.10000000000002274;0.7864;0.8136;-0.0030556953382296064
0.1500000000000341;0.7863;0.8137;-0.0030605820325110603
0.1500000000000341;0.7862;0.8138;-0.0030465868393632304
0.1500000000000341;0.7864;0.8136;-0.0030193845764474466
0.1500000000000341;0.7867;0.8133;-0.0030463430050087946
0.10000000000002274;0.7864;0.8136;-0.0030573795173500454
0.10000000000002274;0.7863;0.8137;-0.0030573538158777656
0.10000000000002274;0.7863;0.8137;-0.0030462905083580415
0.1500000000000341;0.7864;0.8136;-0.003033336967157802
0.1500000000000341;0.7865;0.8135;-0.0030538254600157608
0.1500000000000341;0.7863;0.8137;-0.003053221692737875
0.1500000000000341;0.7863;0.8137;-0.003060821827703994
0.10000000000002274;0.7863;0.8137;-0.0030745259274215448
0.1500000000000341;-0.4;-0.4;-0.00484211931175741
0.10000000000002274;-0.4;-0.4;-0.005267229690083953
0.10000000000002274;-0.4;-0.4;-0.006071407558925694
0.10000000000002274;-0.4;-0.4;-0.006880277549173329
0.10000000000002274;-0.4;-0.4;-0.007459797097195361
0.25000000000005684;-0.4;-0.4;-0.007151078112233088
0.10000000000002274;-0.4;-0.4;-0.007544969739597767
0.1500000000000341;-0.4;-0.4;-0.00809004181371392
0.1500000000000341;-0.4;-0.4;-0.007271890758370915
0.1500000000000341;-0.4;-0.4;-0.006367443749214219
0.1500000000000341;-0.4;-0.4;-0.005606605831244476
0.1500000000000341;-0.4;-0.4;-0.004606338478710061
0.25000000000005684;-0.4;-0.4;-0.0032931557778096204
0.1500000000000341;-0.4;-0.4;-0.003381163366449075
0.1500000000000341;-0.4;-0.4;-0.0030050933074581405
0.10000000000002274;-0.4;-0.4;-0.0026597828605588823
0.1500000000000341;-0.4;-0.4;-0.0022173750988160475
0.1500000000000341;-0.4;-0.4;-0.0020664002295077903
0.1500000000000341;-0.4;-0.4;-0.0015165381611977463
0.1500000000000341;-0.4;-0.4;-0.0009593026594242278
0.20000000000004547;-0.4;-0.4;0.00015581229369765828
0.10000000000002274;-0.4;-0.4;0.0007484886090128614
0.10000000000002274;-0.4;-0.4;0.0014680148073818427
0.1500000000000341;-0.4;-0.4;0.002548797311694678
0.1500000000000341;-0.4;-0.4;0.0037010765079458358
0.1500000000000341;-0.4;-0.4;0.004823236607418912
0.1500000000000341;-0.4;-0.4;0.005881237820281806
0.20000000000004547;-0.4;-0.4;0.007148277967203623
0.1500000000000341;-0.4;-0.4;0.008070433638187524
0.1500000000000341;-0.4;-0.4;0.009109152835180647
0.1500000000000341;-0.4;-0.4;0.010181456012443827
0.10000000000002274;-0.4;-0.4;0.010909863927293328
0.10000000000002274;-0.4;-0.4;0.011592127889510438
0.10000000000002274;-0.4;-0.4;0.0119193411262901
0.1500000000000341;-0.4;-0.4;0.011668214192115426
0.1500000000000341;-0.4;-0.4;0.011070104629941983
0.05000000000001137;-0.4;-0.4;0.010773194946301823
0.1500000000000341;-0.4;-0.4;0.009888501246829341
0.10000000000002274;-0.4;-0.4;0.009544272673434747
0.1500000000000341;-0.4;-0.4;0.009383964832914603
0.1500000000000341;-0.4;-0.4;0.009473881838982701
0.1500000000000341;-0.4;-0.4;0.009550887655052303
0.1500000000000341;-0.4;-0.4;0.008916331006717374
0.20000000000004547;-0.4;-0.4;0.008460422461745574
0.10000000000002274;-0.4;-0.4;0.008455415237527167
0.10000000000002274;-0.4;-0.4;0.008462899060734715
0.20000000000004547;-0.4;-0.4;0.0075733119134834236
0.10000000000002274;-0.4;-0.4;0.007400192063418018
0.10000000000002274;-0.4;-0.4;0.00732801777885878
0.1500000000000341;-0.4;-0.4;0.006905415034012296
0.1500000000000341;-0.4;-0.4;0.006873917825703699
0.20000000000004547;-0.4;-0.4;0.006895838923270883
0.1500000000000341;-0.4;-0.4;0.0063343742291067295
0.10000000000002274;-0.4;-0.4;0.006129279503473921
0.1500000000000341;-0.4;-0.4;0.0061222543406843025
0.1500000000000341;0.8;-0.2;-0.0060029710350480315
0.10000000000002274;0.8;-0.2;-0.027575044679607162
0.1500000000000341;0.8;-0.2;-0.0713099020174994
0.1500000000000341;0.8;-0.2;-0.11623603339629052
0.20000000000004547;0.8;-0.2;-0.17521963943743718
0.20000000000004547;0.8;-0.2;-0.2348471877508969
0.10000000000002274;0.8;-0.2;-0.26504290330612024
0.1500000000000341;0.8;-0.2;-0.30986574875835265
0.1500000000000341;0.8;-0.2;-0.3547368051210651
0.1500000000000341;0.8;-0.2;-0.4004055414815643
0.10000000000002274;0.8;-0.2;-0.4303394738856066
0.20000000000004547;0.8;-0.2;-0.4896211586316136
0.20000000000004547;0.8;-0.2;-0.5482764593777448
0.1500000000000341;0.8;-0.2;-0.5931654050730479
0.1500000000000341;0.8;-0.2;-0.637402947890533
0.1500000000000341;0.8;-0.2;-0.6823429494419991
0.10000000000002274;0.8;-0.2;-0.7117478350075122
0.10000000000002274;0.8;-0.2;-0.7418993185226599
0.10000000000002274;0.8;-0.2;-0.7719003696067425
0.10000000000002274;0.8;-0.2;-0.8016432804125337
0.20000000000004547;0.8;-0.2;-0.8623714913137976
0.1500000000000341;0.8;-0.2;-0.9071908239186919
0.10000000000002274;0.8;-0.2;-0.9368924748502179
0.20000000000004547;0.8;-0.2;-0.9965435221826059
0.1500000000000341;0.8;-0.2;-1.0415946716251892
0.1500000000000341;0.8;-0.2;-1.0854503395597934
0.1500000000000341;0.8;-0.2;-1.130175678547344
0.1500000000000341;0.8;-0.2;-1.175574077431197
0.20000000000004547;0.8;-0.2;-1.2350341686014046
0.1500000000000341;0.8;-0.2;-1.2795049980775104
0.1500000000000341;0.8;-0.2;-1.323999855058107
0.10000000000002274;0.8;-0.2;-1.3536720165835645
0.1500000000000341;0.8;-0.2;-1.3981613577784362
0.1500000000000341;0.8;-0.2;-1.4425717358699446
0.10000000000002274;0.8;-0.2;-1.4721523831092187
0.25000000000005684;0.8;-0.2;-1.5460041057069176
0.10000000000002274;0.8;-0.2;-1.575537462474231
0.1500000000000341;0.8;-0.2;-1.6198325564712028
0.10000000000002274;0.8;-0.2;-1.6493648216040213
0.1500000000000341;0.8;-0.2;-1.6938266879017545
0.1500000000000341;0.8;-0.2;-1.7383061999343625
0.1500000000000341;0.8;-0.2;-1.7827431739222024
0.10000000000002274;0.8;-0.2;-1.812368768464265
0.20000000000004547;0.7994;-0.1998;-1.871627209005923
0.10000000000002274;0.7638;-0.191;-1.899932563467437
0.10000000000002274;0.7468;-0.1867;-1.9281252747625206
0.10000000000002274;0.7299;-0.1825;-1.9552401023683406
0.1500000000000341;0.7136;-0.1784;-1.9957285810554606
0.1500000000000341;0.6894;-0.1723;-2.0346679321655943
0.10000000000002274;0.666;-0.1665;-2.0593472337259193
0.10000000000002274;0.6512;-0.1628;-2.083878632130143
0.20000000000004547;0.6365;-0.1591;-2.1321090749016163
0.1500000000000341;0.6075;-0.1519;-2.1671181965714448
0.10000000000002274;0.5865;-0.1466;-2.18951264136678
0.10000000000002274;0.5731;-0.1433;-2.211221483366141
0.1500000000000341;0.5601;-0.14;-2.2425369037991243
0.10000000000002274;0.5413;-0.1353;-2.2624917691231605
0.10000000000002274;0.5293;-0.1323;-2.282171019937734
0.10000000000002274;0.5175;-0.1294;-2.3013837388263734
0.20000000000004547;0.506;-0.1265;-2.3394360310972657
0.10000000000002274;0.4831;-0.1208;-2.3576129142469555
0.10000000000002274;0.4722;-0.1181;-2.3754234109276124
0.1500000000000341;0.4615;-0.1154;-2.4015149255941504
0.10000000000002274;0.4459;-0.1115;-2.418338829870385
0.1500000000000341;0.4358;-0.1089;-2.4430366610094207
0.10000000000002274;0.421;-0.1052;-2.4589466977917134
0.10000000000002274;0.4114;-0.1029;-2.4744302529857816
0.20000000000004547;0.4021;-0.1005;-2.5051001120828063
0.1500000000000341;0.3837;-0.0959;-2.527035915399
0.10000000000002274;0.3706;-0.0926;-2.540956919213794
0.10000000000002274;0.3622;-0.0906;-2.554709398685703
0.10000000000002274;0.354;-0.0885;-2.5681821322494223
0.1500000000000341;0.3459;-0.0865;-2.5878461119193648
0.1500000000000341;0.3341;-0.0835;-2.606319711709376
0.10000000000002274;0.323;-0.0808;-2.6182088881960293
0.25000000000005684;0.3159;-0.079;-2.646875929181345
0.10000000000002274;0.2987;-0.0747;-2.6582434597682236
0.1500000000000341;0.2918;-0.073;-2.6743023160570534
0.20000000000004547;0.2822;-0.0706;-2.6946731992048574
0.10000000000002274;0.27;-0.0675;-2.7046742059483804
0.1500000000000341;0.264;-0.066;-2.719240826824547
0.1500000000000341;0.2552;-0.0638;-2.7333934542516305
0.25000000000005684;0.2468;-0.0617;-2.7569802488328135
0.1500000000000341;0.2326;-0.0582;-2.7696276226938084
0.1500000000000341;0.225;-0.0563;-2.782057159076009
0.1500000000000341;0.2176;-0.0544;-2.793923339909853
0.1500000000000341;0.2104;-0.0526;-2.8051104530028117
0.1500000000000341;0.2037;-0.0509;-2.815997320279068
0.1500000000000341;0.1972;-0.0493;-2.8265863671093787
0.10000000000002274;0.1908;-0.0477;-2.8335853131379314
0.1500000000000341;0.1866;-0.0467;-2.8437932445076193
0.1500000000000341;0.1805;-0.0451;-2.854119895778046
0.20000000000004547;0.1743;-0.0436;-2.8667666842807717
0.10000000000002274;0.1667;-0.0417;-2.872946061990632
0.1500000000000341;0.163;-0.0408;-2.8823756990453573
0.1500000000000341;0.1574;-0.0393;-2.8908919193945626
0.1500000000000341;0.1523;-0.0381;-2.8987776983659823
0.10000000000002274;0.1475;-0.0369;-2.903927340874591
0.20000000000004547;0.1444;-0.0361;-2.9143984825141764
0.20000000000004547;0.1382;-0.0345;-2.9243534404330425
0.10000000000002274;0.1322;-0.033;-2.929305641670738
0.1500000000000341;0.1292;-0.0323;-2.9365917798506347
0.1500000000000341;0.1248;-0.0312;-2.9428586636391776
0.1500000000000341;0.1211;-0.0303;-2.950001355375872
0.20000000000004547;0.1168;-0.0292;-2.957905275180366
0.1500000000000341;0.112;-0.028;-2.96414101653827
0.1500000000000341;0.1083;-0.0271;-2.969556399116364
0.20000000000004547;0.1051;-0.0263;-2.9771262291822205
0.1500000000000341;0.1005;-0.0251;-2.9828838747943878
0.10000000000002274;0.0971;-0.0243;-2.986696954172202
0.1500000000000341;0.0948;-0.0237;-2.991951274137048
0.1500000000000341;0.0916;-0.0229;-2.9972816637079944
0.1500000000000341;0.0884;-0.0221;-3.0026026973537396
0.1500000000000341;0.0852;-0.0213;-3.007591613791493
0.10000000000002274;0.0822;-0.0206;-3.010874526006717
0.1500000000000341;0.0803;-0.0201;-3.015710270671612
0.10000000000002274;0.0774;-0.0193;-3.018837025799105
0.1500000000000341;0.0755;-0.0189;-3.0235030667713314
0.10000000000002274;0.0727;-0.0182;-3.026102212921069
0.1500000000000341;0.0711;-0.0178;-3.030255637758822
0.10000000000002274;0.0686;-0.0172;-3.0328349894621534
0.1500000000000341;0.0671;-0.0168;-3.035910119341227
0.1500000000000341;0.0652;-0.0163;-3.040002803859041
0.10000000000002274;0.0628;-0.0157;-3.042346351778516
0.1500000000000341;0.0614;-0.0153;-3.0457837600546283
0.20000000000004547;0.0593;-0.0148;-3.0497799633244513
0.1500000000000341;0.0569;-0.0142;-3.053763000730721
0.10000000000002274;0.0545;-0.0136;-3.055437915757776
0.1500000000000341;0.0535;-0.0134;-3.058218080060047
0.20000000000004547;0.0519;-0.013;-3.061337322310487
0.10000000000002274;0.05;-0.0125;-3.0626948252946544
0.10000000000002274;0.0492;-0.0123;-3.0649419052599263
0.1500000000000341;0.0478;-0.012;-3.0675789039269037
0.1500000000000341;0.0462;-0.0116;-3.070353834131958
0.1500000000000341;0.0446;-0.0111;-3.0721799160686545
0.1500000000000341;0.0435;-0.0109;-3.073793731625418
0.20000000000004547;0.0425;-0.0106;-3.0759556799144674
0.1500000000000341;0.0412;-0.0103;-3.0778048647075846
0.1500000000000341;0.0401;-0.01;-3.0796126598618065
0.1500000000000341;0.039;-0.0098;-3.081691979309581
0.1500000000000341;0.0378;-0.0094;-3.0840174993646468
0.1500000000000341;0.0364;-0.0091;-3.086152709412241
0.1500000000000341;0.0351;-0.0088;-3.0882218169829083
0.1500000000000341;0.0339;-0.0085;-3.089458344907276
0.1500000000000341;0.0331;-0.0083;-3.0904624433434664
0.1500000000000341;0.0325;-0.0081;-3.0914812547034525
0.10000000000002274;0.0319;-0.008;-3.092237715350286
0.20000000000004547;0.0314;-0.0079;-3.095561887130991
0.10000000000002274;0.0295;-0.0074;-3.0961923405804535
0.20000000000004547;0.0291;-0.0073;-3.097870136352505
0.10000000000002274;0.0281;-0.007;-3.0985976312258705
0.20000000000004547;0.0276;-0.0069;-3.1000086335105888
0.1500000000000341;0.0268;-0.0067;-3.1024195797023633
0.10000000000002274;0.0253;-0.0063;-3.103957533846382
0.10000000000002274;0.0244;-0.0061;-3.1048837528817708
0.1500000000000341;0.0239;-0.006;-3.1061259182518324
0.20000000000004547;0.0231;-0.0058;-3.10889458997798
0.10000000000002274;0.0215;-0.0054;-3.1098431737939904
0.1500000000000341;0.0209;-0.0052;-3.1106904320627513
0.1500000000000341;0.0204;-0.0051;-3.1120512414394197
0.1500000000000341;0.02;-0.005;-3.1134185220722865
0.10000000000002274;0.02;-0.005;-3.1139688439346767
0.1500000000000341;0.02;-0.005;-3.114531529010437
0.10000000000002274;0.02;-0.005;-3.114752203430031
0.1500000000000341;0.02;-0.005;-3.1166197762786876
0.10000000000002274;0.02;-0.005;-3.117945872639201
0.1500000000000341;0.02;-0.005;-3.119755162234274
0.1500000000000341;0.02;-0.005;-3.1217042941201476
0.1500000000000341;0.02;-0.005;-3.123730836985428
0.10000000000002274;0.02;-0.005;-3.124940683867607
0.1500000000000341;0.02;-0.005;-3.1268137238381524
0.10000000000002274;0.02;-0.005;-3.1280568978891035
0.10000000000002274;0.02;-0.005;-3.129348066547868
0.10000000000002274;0.02;-0.005;-3.1301947292550523
0.10000000000002274;0.02;-0.005;-3.130893152238617
0.20000000000004547;0.02;-0.005;-3.133462184442215
0.10000000000002274;0.02;-0.005;-3.1342176852044625
0.20000000000004547;0.02;-0.005;-3.1368382711639886
0.10000000000002274;0.0;0.0;-3.1369265941790467
0.10000000000002274;0.8773;0.7227;-3.1448954700960057
0.1500000000000341;0.7976;0.8024;-3.143604006664395
0.1500000000000341;0.8105;0.7895;-3.1432937884879593
0.20000000000004547;0.8136;0.7864;-3.14335536305867
0.20000000000004547;0.813;0.787;-3.143849783477945
0.10000000000002274;0.808;0.792;-3.144788672303655
0.1500000000000341;0.7986;0.8014;-3.1442598101889825
0.10000000000002274;0.8039;0.7961;-3.1437068966771196
0.20000000000004547;0.8095;0.7905;-3.143262860511137
0.1500000000000341;0.8139;0.7861;-3.1434258197643006
0.1500000000000341;0.8123;0.7877;-3.1435218145591297
0.10000000000002274;0.8113;0.7887;-3.143468826827223
0.20000000000004547;0.8118;0.7882;-3.1436329722731062
0.1500000000000341;0.8102;0.7898;-3.1434674117195165
0.10000000000002274;0.8119;0.7881;-3.1435930042210014
0.10000000000002274;0.8106;0.7894;-3.144210098028736
0.10000000000002274;0.8044;0.7956;-3.145255198497082
0.1500000000000341;0.794;0.806;-3.1459081813845997
0.10000000000002274;0.7875;0.8125;-3.14571354781115
0.10000000000002274;0.7894;0.8106;-3.144723772140013
0.20000000000004547;0.7993;0.8007;-3.1462211229021633
0.10000000000002274;0.7843;0.8157;-3.145732899610989
0.1500000000000341;0.7892;0.8108;-3.144716995178509
0.1500000000000341;0.7994;0.8006;-3.144465719412836
0.1500000000000341;0.8019;0.7981;-3.1440320397379398
0.1500000000000341;0.8062;0.7938;-3.1434123802042304
0.1500000000000341;0.8124;0.7876;-3.143479388502635
0.1500000000000341;0.8117;0.7883;-3.143620431006969
0.1500000000000341;0.8103;0.7897;-3.143438360866733
0.20000000000004547;0.8122;0.7878;-3.1432739494830884
0.1500000000000341;0.8138;0.7862;-3.144280479644641
0.1500000000000341;0.8037;0.7963;-3.145600333922859
0.1500000000000341;0.7905;0.8095;-3.1459367825693745
0.10000000000002274;0.7872;0.8128;-3.145831863477805
0.10000000000002274;0.7882;0.8118;-3.1450103660171944
0.10000000000002274;0.7964;0.8036;-3.1439901851045757
0.20000000000004547;0.8066;0.7934;-3.146337371752528
0.1500000000000341;0.7832;0.8168;-3.144097740271886
0.10000000000002274;0.8056;0.7944;-3.144449257079617
0.10000000000002274;0.802;0.798;-3.1445941817943934
0.1500000000000341;0.8006;0.7994;-3.1436805961213974
0.1500000000000341;0.8097;0.7903;-3.1447179905610443
0.1500000000000341;0.7994;0.8006;-3.1447746115502806
0.1500000000000341;0.7988;0.8012;-3.145890315204596
0.20000000000004547;0.7876;0.8124;-3.144976472847769
0.1500000000000341;0.7968;0.8032;-3.14586309815522
0.10000000000002274;0.7879;0.8121;-3.145400440050606
0.25000000000005684;0.7925;0.8075;-3.146342175138754
0.20000000000004547;0.7831;0.8169;-3.1442353622430472
0.10000000000002274;0.8042;0.7958;-3.1444855036086725
0.1500000000000341;0.8017;0.7983;-3.1458170624118655
0.10000000000002274;0.7884;0.8116;-3.1453064943669538
0.20000000000004547;0.7935;0.8065;-3.1430573027376023
0.1500000000000341;0.816;0.784;-3.1445935179457942
0.1500000000000341;0.8006;0.7994;-3.1452172878481606
0.10000000000002274;0.7944;0.8056;-3.145677948526438
0.1500000000000341;0.7898;0.8102;-3.146003581698471
0.20000000000004547;0.7865;0.8135;-3.146026786706484
0.10000000000002274;0.7863;0.8137;-3.146026233648763
0.1500000000000341;0.7863;0.8137;-3.1459840503120833
0.1500000000000341;0.7867;0.8133;-3.145955804427954
0.1500000000000341;0.787;0.813;-3.145961875134525
0.1500000000000341;0.7869;0.8131;-3.1459966771790553
0.10000000000002274;0.7866;0.8134;-3.1460036654427714
0.1500000000000341;0.7865;0.8135;-3.1457915960069984
0.1500000000000341;0.7886;0.8114;-3.1459654864855136
0.10000000000002274;0.7869;0.8131;-3.1459056615282615
0.1500000000000341;0.7875;0.8125;-3.1456602834214857
0.20000000000004547;0.7899;0.8101;-3.144572766052432
0.1500000000000341;0.8008;0.7992;-3.1441216094262763
0.1500000000000341;0.8053;0.7947;-3.1434629621087806
0.1500000000000341;0.8119;0.7881;-3.14429871364231
0.10000000000002274;0.8035;0.7965;-3.1451070321551673
0.20000000000004547;0.7955;0.8045;-3.1456818093311782
0.10000000000002274;0.7897;0.8103;-3.145434523717758
0.25000000000005684;0.7922;0.8078;-3.144082509537056
0.10000000000002274;0.8057;0.7943;-3.1442393888464726
0.1500000000000341;0.8041;0.7959;-3.1446875231969016
0.20000000000004547;0.7997;0.8003;-3.145207537961294
0.10000000000002274;0.7945;0.8055;-3.1451612208190696
0.20000000000004547;0.7949;0.8051;-3.1441902820277314
0.20000000000004547;0.8046;0.7954;-3.1452381755724663
0.10000000000002274;0.7942;0.8058;-3.145654234012676
0.20000000000004547;0.79;0.81;-3.1458917232545285
0.1500000000000341;0.7876;0.8124;-3.1459931086621813
0.20000000000004547;0.7866;0.8134;-3.143447886997597
0.1500000000000341;0.8121;0.7879;-3.1449278771176985
0.10000000000002274;0.7973;0.8027;-3.144769107459259
0.10000000000002274;0.7988;0.8012;-3.144201136786917
0.20000000000004547;0.8045;0.7955;-3.1437586220938596
0.10000000000002274;0.8089;0.7911;-3.1435346706514933
0.25000000000005684;0.8112;0.7888;-3.144189380763958
0.10000000000002274;0.8046;0.7954;-3.1447036164538367
0.1500000000000341;0.7995;0.8005;-3.145818639728797
0.1500000000000341;0.7883;0.8117;-3.1450214116318445
0.1500000000000341;0.7963;0.8037;-3.1443008615734196
0.10000000000002274;0.8035;0.7965;-3.143747590862027
0.10000000000002274;0.8091;0.7909;-3.143631446716692
0.1500000000000341;0.8102;0.7898;-3.144292912997524
0.20000000000004547;0.8036;0.7964;-3.145960846925477
0.1500000000000341;0.7869;0.8131;-3.1460018495781026
0.1500000000000341;0.7865;0.8135;-3.146019890248722
0.1500000000000341;0.7863;0.8137;-3.1460154329479577
0.1500000000000341;0.7864;0.8136;-3.1448253301521296
0.1500000000000341;0.7983;0.8017;-3.1449879100488434
0.1500000000000341;0.7967;0.8033;-3.1451111231689213
0.1500000000000341;0.7954;0.8046;-3.1440883155905164
0.1500000000000341;0.8057;0.7943;-3.1443176163746265
0.1500000000000341;0.8034;0.7966;-3.1452713141276796
0.1500000000000341;0.7938;0.8062;-3.1457938766272693
0.1500000000000341;0.7886;0.8114;-3.1457257547453965
0.1500000000000341;0.7893;0.8107;-3.1458387747416148
0.10000000000002274;0.7881;0.8119;-3.1458296842769555
0.10000000000002274;0.7882;0.8118;-3.145890764944961
0.1500000000000341;0.7876;0.8124;-3.1457790008485054
0.1500000000000341;0.7887;0.8113;-3.145719222403733
0.1500000000000341;0.7893;0.8107;-3.145858420663071
0.10000000000002274;0.788;0.812;-3.145769667076208
0.1500000000000341;0.7888;0.8112;-3.1458252119993033
0.10000000000002274;0.7883;0.8117;-3.1457552002386437
0.1500000000000341;0.789;0.811;-3.145828539236044
0.20000000000004547;0.7882;0.8118;-3.1456853530009905
0.1500000000000341;0.7897;0.8103;-3.145473190048954
0.1500000000000341;0.7918;0.8082;-3.145055431336213
0.1500000000000341;0.796;0.804;-3.144610857142563
0.10000000000002274;0.8004;0.7996;-3.1443423937048345
0.20000000000004547;0.8031;0.7969;-3.143782054774084
0.10000000000002274;0.8087;0.7913;-3.143823987497374
0.1500000000000341;0.8083;0.7917;-3.144024973465013
0.20000000000004547;0.8063;0.7937;-3.145663939930262
0.1500000000000341;0.7899;0.8101;-3.144591355844711
0.1500000000000341;0.8006;0.7994;-3.143994644061694
0.20000000000004547;0.8066;0.7934;-3.1436706998361985
0.1500000000000341;0.8098;0.7902;-3.1437495772010773
0.10000000000002274;0.809;0.791;-3.143914778219374
0.1500000000000341;0.8074;0.7926;-3.144699641860514
0.25000000000005684;0.7995;0.8005;-3.1466797070675936
0.20000000000004547;0.7797;0.8203;-3.14445998188976
0.10000000000002274;0.8019;0.7981;-3.144099200601188
0.1500000000000341;0.8055;0.7945;-3.143468752950337
0.10000000000002274;0.8118;0.7882;-3.1436905395152137
0.1500000000000341;0.8096;0.7904;-3.144547088385238
0.1500000000000341;0.8011;0.7989;-3.145689035703348
0.10000000000002274;0.7896;0.8104;-3.145216981642728
0.20000000000004547;0.7944;0.8056;-3.143702137143605
0.1500000000000341;0.8095;0.7905;-3.1443958394024745
0.10000000000002274;0.8026;0.7974;-3.1450544230553428
0.1500000000000341;0.796;0.804;-3.145515605205681
0.10000000000002274;0.7914;0.8086;-3.1456927430695325
0.10000000000002274;0.7896;0.8104;-3.145792796586294
0.10000000000002274;0.7886;0.8114;-3.145730487159811
0.10000000000002274;0.7892;0.8108;-3.145459653415133
0.20000000000004547;0.7919;0.8081;-3.1443652748344335
0.10000000000002274;0.8029;0.7971;-3.1443063821444515
0.10000000000002274;0.8035;0.7965;-3.1445776807449235
0.10000000000002274;0.8008;0.7992;-3.145371555665475
0.10000000000002274;0.7928;0.8072;-3.1456499235827935
0.10000000000002274;0.79;0.81;-3.145659121191532
0.10000000000002274;0.7899;0.8101;-3.145826976603499
0.10000000000002274;0.7883;0.8117;-3.145819278484683
0.1500000000000341;0.7883;0.8117;-3.145823887131774
0.20000000000004547;0.7883;0.8117;-3.145982555162079
0.1500000000000341;0.7867;0.8133;-3.1455925045958533
0.10000000000002274;0.7906;0.8094;-3.145661120704706
0.1500000000000341;0.7899;0.8101;-3.1456875220722536
0.1500000000000341;0.7897;0.8103;-3.145197523913527
0.10000000000002274;0.7946;0.8054;-3.144192777987233
0.1500000000000341;0.8046;0.7954;-3.1440977622523474
0.10000000000002274;0.8056;0.7944;-3.14446909780446
0.1500000000000341;0.8018;0.7982;-3.145726167080522
0.10000000000002274;0.7893;0.8107;-3.1452910753835037
0.1500000000000341;0.7936;0.8064;-3.1441289411971214
0.1500000000000341;0.8052;0.7948;-3.144325255640158
0.1500000000000341;0.8033;0.7967;-3.1457630172503093
0.10000000000002274;0.7889;0.8111;-3.145028094619069
0.1500000000000341;0.7963;0.8037;-3.144611584980243
0.1500000000000341;0.8004;0.7996;-3.145618952183059
0.25000000000005684;0.7903;0.8097;-3.143793853442595
0.10000000000002274;0.8086;0.7914;-3.1441847301029298
0.1500000000000341;0.8047;0.7953;-3.1449498227005077
0.10000000000002274;0.797;0.803;-3.144941709561524
0.1500000000000341;0.7971;0.8029;-3.145000921617748
0.1500000000000341;0.7965;0.8035;-3.145871466686437
0.1500000000000341;0.7878;0.8122;-3.14571553582408
0.25000000000005684;0.7894;0.8106;-3.1445966667141647
0.1500000000000341;0.8006;0.7994;-3.1440250634751843
0.10000000000002274;0.8063;0.7937;-3.1439629134573077
0.10000000000002274;0.8069;0.7931;-3.143675981418623
0.10000000000002274;0.8098;0.7902;-3.1437659950795096
0.1500000000000341;0.8089;0.7911;-3.1444858855139617
0.1500000000000341;0.8017;0.7983;-3.144380469034201
0.1500000000000341;0.8027;0.7973;-3.1436955769167243
0.20000000000004547;0.8096;0.7904;-3.1458196611921876
0.10000000000002274;0.7883;0.8117;-3.145588713786778
0.10000000000002274;0.7906;0.8094;-3.1458433790663474
0.1500000000000341;0.7881;0.8119;-3.14601895581821
0.1500000000000341;0.7863;0.8137;-3.1460070785916447
0.10000000000002274;0.7865;0.8135;-3.145984619250334
0.10000000000002274;0.7867;0.8133;-3.145980571867455
0.10000000000002274;0.7867;0.8133;-3.145986582192487
0.1500000000000341;0.7867;0.8133;-3.14603289724237
0.20000000000004547;0.7862;0.8138;-3.1460410818500355
0.20000000000004547;0.7861;0.8139;-3.145974821537817
0.10000000000002274;0.7868;0.8132;-3.146015356682812
0.10000000000002274;0.7864;0.8136;-3.146033320300528
0.20000000000004547;0.7862;0.8138;-3.145969671690507
0.10000000000002274;0.7868;0.8132;-3.146025172423658
0.1500000000000341;0.7863;0.8137;-3.1459818161471635
0.1500000000000341;0.7867;0.8133;-3.1457718266125805
0.1500000000000341;0.7888;0.8112;-3.1451247977680814
0.10000000000002274;0.7953;0.8047;-3.1440203613375584
0.10000000000002274;0.8063;0.7937;-3.1444581932247346
0.20000000000004547;0.802;0.798;-3.144867004877136
0.10000000000002274;0.7979;0.8021;-3.145064940038153
0.1500000000000341;0.7959;0.8041;-3.145192253353781
0.1500000000000341;0.7946;0.8054;-3.1452760688111847
0.10000000000002274;0.7938;0.8062;-3.145248472582983
0.10000000000002274;0.7938;0.8062;-3.1452394382036117
0.10000000000002274;-0.4;-0.4;-3.1436726963283115
0.1500000000000341;-0.4;-0.4;-3.1435872166099545
0.10000000000002274;-0.4;-0.4;-3.1435121380134503
0.1500000000000341;-0.4;-0.4;-3.143308337901002
0.10000000000002274;-0.4;-0.4;-3.143078065744516
0.20000000000004547;-0.4;-0.4;-3.1425615007846903
0.10000000000002274;-0.4;-0.4;-3.142238767210983
0.1500000000000341;-0.4;-0.4;-3.1416962115070945
0.10000000000002274;-0.4;-0.4;-3.1414535602155396
0.1500000000000341;-0.4;-0.4;-3.1406775502076796
0.10000000000002274;-0.4;-0.4;-3.1401903358056207
0.20000000000004547;-0.4;-0.4;-3.139393391965272
0.1500000000000341;-0.4;-0.4;-3.138907553365435
0.1500000000000341;-0.4;-0.4;-3.138879133565642
0.1500000000000341;-0.4;-0.4;-3.1393354273244345
0.1500000000000341;-0.4;-0.4;-3.140359128333625
0.10000000000002274;-0.4;-0.4;-3.1409953889468007
0.1500000000000341;-0.4;-0.4;-3.1420117590765906
0.1500000000000341;-0.4;-0.4;-3.142990378420904
0.1500000000000341;-0.4;-0.4;-3.1438871966347453
0.1500000000000341;-0.4;-0.4;-3.144556936116831
0.10000000000002274;-0.4;-0.4;-3.144616733322772
0.1500000000000341;-0.4;-0.4;-3.1450727477715965
0.20000000000004547;-0.4;-0.4;-3.14538569088298
0.10000000000002274;-0.4;-0.4;-3.14578402059142
0.10000000000002274;-0.4;-0.4;-3.1459615963613707
0.1500000000000341;-0.4;-0.4;-3.1463993886779127
0.20000000000004547;-0.4;-0.4;-3.147304590515509
0.10000000000002274;-0.4;-0.4;-3.147890621094067
0.10000000000002274;-0.4;-0.4;-3.1483897055264785
0.10000000000002274;-0.4;-0.4;-3.1489955758074757
0.10000000000002274;-0.4;-0.4;-3.14966688037666
0.10000000000002274;-0.4;-0.4;-3.150337702072979
0.05000000000001137;-0.4;-0.4;-3.1506836031616783
0.20000000000004547;-0.4;-0.4;-3.152054284941516
0.1500000000000341;-0.4;-0.4;-3.15324801434496
0.1500000000000341;-0.4;-0.4;-3.154148559554554
0.10000000000002274;-0.4;-0.4;-3.1549032877393905
0.1500000000000341;-0.4;-0.4;-3.156022150430191
0.1500000000000341;-0.4;-0.4;-3.15717679897407
0.10000000000002274;-0.4;-0.4;-3.1579332356677368
0.10000000000002274;-0.4;-0.4;-3.158710497218473
0.10000000000002274;-0.4;-0.4;-3.1594794103788018
0.1500000000000341;-0.4;-0.4;-3.1599083817203293
0.1500000000000341;-0.4;-0.4;-3.1595883671609366
0.20000000000004547;-0.4;-0.4;-3.1581218928331105
0.10000000000002274;-0.4;-0.4;-3.1574735033629335
0.10000000000002274;-0.4;-0.4;-3.156797287335817
0.1500000000000341;-0.4;-0.4;-3.1559184827688966
0.1500000000000341;-0.4;-0.4;-3.154883745956402
0.10000000000002274;-0.4;-0.4;-3.154321134349348
0.20000000000004547;-0.4;-0.4;-3.1530673671832954
0.1500000000000341;-0.4;-0.4;-3.152954250466989
0.1500000000000341;-0.4;-0.4;-3.1541081330779335
0.10000000000002274;-0.4;-0.4;-3.154683330174262
0.10000000000002274;-0.4;-0.4;-3.154235065424462
0.10000000000002274;-0.4;-0.4;-3.1536873259588245
0.10000000000002274;-0.4;-0.4;-3.153067474758627
0.20000000000004547;-0.4;-0.4;-3.152337243006936
0.1500000000000341;-0.2;0.8;-3.1402241979130228
0.1500000000000341;-0.2;0.8;-3.0994878865171613
0.1500000000000341;-0.2;0.8;-3.054803674558806
0.1500000000000341;-0.2;0.8;-3.011153705929739
0.20000000000004547;-0.2;0.8;-2.9544467393639966
0.10000000000002274;-0.2;0.8;-2.9258441204859413
0.1500000000000341;-0.2;0.8;-2.882822415071673
0.1500000000000341;-0.2;0.8;-2.83919607704022
0.1500000000000341;-0.2;0.8;-2.7952734264798247
0.1500000000000341;-0.2;0.8;-2.750940347811341
0.1500000000000341;-0.2;0.8;-2.704018334856375
0.1500000000000341;-0.2;0.8;-2.655123282896495
0.10000000000002274;-0.2;0.8;-2.6226931192729976
0.20000000000004547;-0.2;0.8;-2.557905129969474
0.1500000000000341;-0.2;0.8;-2.509244115782278
0.10000000000002274;-0.2;0.8;-2.476946707573351
0.1500000000000341;-0.2;0.8;-2.4284223761460515
0.1500000000000341;-0.2;0.8;-2.3806311067621784
0.10000000000002274;-0.2;0.8;-2.350349687638468
0.1500000000000341;-0.2;0.8;-2.3060574669390954
0.1500000000000341;-0.2;0.8;-2.26168165731718
0.1500000000000341;-0.2;0.8;-2.2172390892215366
0.1500000000000341;-0.2;0.8;-2.173248991504362
0.1500000000000341;-0.2;0.8;-2.129525840196502
0.10000000000002274;-0.2;0.8;-2.0998449989626176
0.1500000000000341;-0.2;0.8;-2.055309297018365
0.10000000000002274;-0.2;0.8;-2.025615663510734
0.1500000000000341;-0.2;0.8;-1.980909276569667
0.20000000000004547;-0.2;0.8;-1.9199647288287425
0.10000000000002274;-0.2;0.8;-1.889677764065898
0.1500000000000341;-0.2;0.8;-1.844409764096467
0.10000000000002274;-0.2;0.8;-1.8147178670539243
0.10000000000002274;-0.2;0.8;-1.7847905412639273
0.10000000000002274;-0.2;0.8;-1.754265956929414
0.1500000000000341;-0.2;0.8;-1.709410089304824
0.10000000000002274;-0.2;0.8;-1.680104604713847
0.20000000000004547;-0.2;0.8;-1.6212469721300582
0.1500000000000341;-0.2;0.8;-1.5774152154725656
0.1500000000000341;-0.2;0.8;-1.5323161523288202
0.10000000000002274;-0.2;0.8;-1.503186299358197
0.10000000000002274;-0.2;0.8;-1.4741288344800314
0.1500000000000341;-0.2;0.8;-1.4294367020467516
0.10000000000002274;-0.2;0.8;-1.3996614480573675
0.1500000000000341;-0.2;0.8;-1.3554692983958818
0.20000000000004547;-0.2;0.8;-1.295773730164825
0.10000000000002274;-0.1938;0.7753;-1.2664515137828647
0.1500000000000341;-0.1894;0.7577;-1.2234299789915077
0.1500000000000341;-0.183;0.7319;-1.1812805766367216
0.1500000000000341;-0.1766;0.7066;-1.1422896669044276
0.10000000000002274;-0.1708;0.6832;-1.1164455136061178
0.1500000000000341;-0.1669;0.6677;-1.078801422834622
0.1500000000000341;-0.1613;0.6451;-1.0427403851555923
0.20000000000004547;-0.1559;0.6235;-0.9945848467245408
0.10000000000002274;-0.1486;0.5946;-0.9713586576233795
0.1500000000000341;-0.1452;0.5806;-0.937440618355599
0.1500000000000341;-0.1401;0.5603;-0.9049836019952313
0.10000000000002274;-0.1352;0.5408;-0.8838185838513314
0.1500000000000341;-0.132;0.5281;-0.8542385659172494
0.1500000000000341;-0.1276;0.5103;-0.8260261030146484
0.1500000000000341;-0.1234;0.4934;-0.7999475848311856
0.10000000000002274;-0.1194;0.4778;-0.7826775858557762
0.1500000000000341;-0.1169;0.4674;-0.7575444355850652
0.1500000000000341;-0.1131;0.4523;-0.7335749677354426
0.1500000000000341;-0.1095;0.438;-0.7101737403030428
0.1500000000000341;-0.106;0.4239;-0.6871839639402376
0.20000000000004547;-0.1025;0.4101;-0.655823421539787
0.20000000000004547;-0.0978;0.3913;-0.6260715988654513
0.1500000000000341;-0.0934;0.3734;-0.604926294324743
0.1500000000000341;-0.0902;0.3608;-0.58444075991685
0.1500000000000341;-0.0871;0.3485;-0.5643523572683123
0.10000000000002274;-0.0841;0.3364;-0.5515713004588501
0.20000000000004547;-0.0822;0.3287;-0.5265060468407973
0.1500000000000341;-0.0784;0.3137;-0.5084739005080511
0.20000000000004547;-0.0757;0.3029;-0.4856733177424898
0.1500000000000341;-0.0723;0.2892;-0.4678787888338734
0.10000000000002274;-0.0696;0.2785;-0.4565641629344562
0.1500000000000341;-0.0679;0.2717;-0.4404332768768155
0.10000000000002274;-0.0655;0.2621;-0.43012618445131023
0.10000000000002274;-0.064;0.2559;-0.4201263036731349
0.1500000000000341;-0.0625;0.2499;-0.40556833093531697
0.10000000000002274;-0.0603;0.2411;-0.3960867873593563
0.20000000000004547;-0.0589;0.2355;-0.3773034086462121
0.10000000000002274;-0.056;0.2242;-0.3685166293735154
0.1500000000000341;-0.0547;0.2189;-0.355744328590047
0.1500000000000341;-0.0528;0.2113;-0.343555374068788
0.1500000000000341;-0.051;0.2039;-0.3315109759708226
0.10000000000002274;-0.0492;0.1967;-0.3238489571066666
0.10000000000002274;-0.048;0.1921;-0.31650925048601875
0.10000000000002274;-0.0469;0.1877;-0.3096468394389017
0.25000000000005684;-0.0459;0.1836;-0.29259758480021386
0.10000000000002274;-0.0433;0.1734;-0.28646549414598105
0.1500000000000341;-0.0424;0.1697;-0.27768556485964896
0.10000000000002274;-0.0411;0.1644;-0.27175617675151276
0.1500000000000341;-0.0402;0.1609;-0.2633543094091773
0.1500000000000341;-0.039;0.1558;-0.25521564835391247
0.1500000000000341;-0.0377;0.1509;-0.2469599623754536
0.10000000000002274;-0.0365;0.146;-0.2417054582658238
0.25000000000005684;-0.0357;0.1428;-0.22934218244750185
0.1500000000000341;-0.0339;0.1354;-0.22205049165579943
0.10000000000002274;-0.0328;0.131;-0.2174070825022514
0.10000000000002274;-0.0321;0.1283;-0.21317063079235027
0.1500000000000341;-0.0314;0.1257;-0.20580309460648905
0.1500000000000341;-0.0303;0.1213;-0.198694082180559
0.10000000000002274;-0.0293;0.117;-0.19430816339646315
0.1500000000000341;-0.0286;0.1144;-0.1878119659879571
0.1500000000000341;-0.0276;0.1105;-0.1826252730547422
0.1500000000000341;-0.0268;0.1074;-0.1773593191490317
0.10000000000002274;-0.0261;0.1042;-0.1740963955104878
0.1500000000000341;-0.0256;0.1023;-0.16909722181936096
0.10000000000002274;-0.0248;0.0993;-0.16576071711252974
0.1500000000000341;-0.0243;0.0973;-0.16060679297417912
0.1500000000000341;-0.0235;0.0942;-0.15500914233639537
0.1500000000000341;-0.0227;0.0908;-0.1495195718846574
0.20000000000004547;-0.0219;0.0875;-0.14317544454099523
0.10000000000002274;-0.0209;0.0837;-0.14046255094838586
0.1500000000000341;-0.0205;0.0821;-0.136888876296629
0.1500000000000341;-0.02;0.0799;-0.1327151632030623
0.10000000000002274;-0.0194;0.0774;-0.12957560945808572
0.1500000000000341;-0.0189;0.0756;-0.12482768155268806
0.10000000000002274;-0.0182;0.0727;-0.1219712887841722
0.20000000000004547;-0.0177;0.071;-0.11593898802559338
0.1500000000000341;-0.0168;0.0674;-0.11193848959706346
0.10000000000002274;-0.0162;0.065;-0.10915262449154851
0.10000000000002274;-0.0158;0.0633;-0.10659158255159194
0.1500000000000341;-0.0154;0.0618;-0.10246705751512361
0.10000000000002274;-0.0148;0.0593;-0.09984054401833918
0.1500000000000341;-0.0144;0.0577;-0.09583962851259809
0.1500000000000341;-0.0138;0.0553;-0.09211116810467743
0.25000000000005684;-0.0133;0.0531;-0.08716006956371611
0.10000000000002274;-0.0125;0.0501;-0.08482347306736977
0.10000000000002274;-0.0122;0.0487;-0.0833586749739563
0.10000000000002274;-0.012;0.0478;-0.08176575833363887
0.1500000000000341;-0.0117;0.0469;-0.07986808167437624
0.1500000000000341;-0.0114;0.0457;-0.07808175813956894
0.1500000000000341;-0.0112;0.0447;-0.07634046606332903
0.10000000000002274;-0.0109;0.0436;-0.07525042155640158
0.20000000000004547;-0.0107;0.043;-0.0732232626167508
0.1500000000000341;-0.0104;0.0417;-0.07177495440020362
0.10000000000002274;-0.0102;0.0409;-0.07084590176720537
0.10000000000002274;-0.0101;0.0403;-0.06994002006214838
0.10000000000002274;-0.0099;0.0398;-0.06905764689163506
0.20000000000004547;-0.0098;0.0392;-0.06734472262241264
0.10000000000002274;-0.0096;0.0382;-0.06606103339480399
0.1500000000000341;-0.0094;0.0374;-0.0640550480769167
0.1500000000000341;-0.0091;0.0362;-0.0628474290036457
0.1500000000000341;-0.0089;0.0355;-0.06143232891729976
0.10000000000002274;-0.0087;0.0347;-0.06068728014863308
0.10000000000002274;-0.0086;0.0342;-0.060022537207244264
0.1500000000000341;-0.0085;0.0338;-0.05872870946355896
0.1500000000000341;-0.0083;0.033;-0.05746925482942345
0.10000000000002274;-0.0081;0.0323;-0.05672712992140026
0.1500000000000341;-0.008;0.0318;-0.054454802049800265
0.20000000000004547;-0.0076;0.0305;-0.05184684426584863
0.1500000000000341;-0.0072;0.0289;-0.04943358754219065
0.1500000000000341;-0.0069;0.0275;-0.04830974162474599
0.20000000000004547;-0.0067;0.0268;-0.047559983649392235
0.10000000000002274;-0.0066;0.0263;-0.04596705198960577
0.1500000000000341;-0.0063;0.0254;-0.04377248204074293
0.10000000000002274;-0.006;0.0241;-0.04343981878187403
0.10000000000002274;-0.006;0.0239;-0.04271437424811117
0.1500000000000341;-0.0059;0.0234;-0.04236786629092981
0.20000000000004547;-0.0058;0.0232;-0.04195619329791539
0.20000000000004547;-0.0057;0.023;-0.0415794960598414
0.10000000000002274;-0.0057;0.0228;-0.04139593724817525
0.1500000000000341;-0.0057;0.0226;-0.039210208941045765
0.1500000000000341;-0.0053;0.0213;-0.037080917402455366
0.1500000000000341;-0.005;0.0201;-0.0353328292467199
0.20000000000004547;-0.005;0.02;-0.032964390921517976
0.20000000000004547;-0.005;0.02;-0.03160841102049915
0.10000000000002274;-0.005;0.02;-0.03148879448719271
0.10000000000002274;-0.005;0.02;-0.03141603845083659
0.10000000000002274;-0.005;0.02;-0.03042915572813962
0.1500000000000341;-0.005;0.02;-0.02833919743751404
0.1500000000000341;-0.005;0.02;-0.02637950227549944
0.1500000000000341;-0.005;0.02;-0.02557083314871618
0.20000000000004547;-0.005;0.02;-0.02445128671567028
0.20000000000004547;-0.005;0.02;-0.021666971998898023
0.10000000000002274;-0.005;0.02;-0.020699807600239588
0.10000000000002274;-0.005;0.02;-0.02046915373021033
0.10000000000002274;-0.005;0.02;-0.01925153783751336
0.10000000000002274;-0.005;0.02;-0.017974813607988797
0.10000000000002274;-0.005;0.02;-0.01751161121355675
0.10000000000002274;-0.005;0.02;-0.016722817522332813
0.10000000000002274;-0.005;0.02;-0.015335117591058697
0.20000000000004547;-0.005;0.02;-0.014685317135515812
0.1500000000000341;-0.005;0.02;-0.012759489379962604
0.10000000000002274;0.0;0.0;-0.012890997731041649
0.10000000000002274;0.7076;0.8924;-0.007593720631837433
0.10000000000002274;0.7606;0.8394;-0.005600486966173587
0.1500000000000341;0.7806;0.8194;-0.005104055326921292
0.10000000000002274;0.7855;0.8145;-0.005081780757101084
0.1500000000000341;0.7857;0.8143;-0.005035761251300611
0.20000000000004547;0.7862;0.8138;-0.004962560742828043
0.1500000000000341;0.7869;0.8131;-0.004562421899626096
0.1500000000000341;0.7909;0.8091;-0.004560136235107203
0.1500000000000341;0.791;0.809;-0.004964927725281996
0.1500000000000341;0.7869;0.8131;-0.005032608592530305
0.10000000000002274;0.7862;0.8138;-0.0049897688465556445
0.1500000000000341;0.7867;0.8133;-0.005009316503196447
0.10000000000002274;0.7865;0.8135;-0.005016468510117646
0.20000000000004547;0.7864;0.8136;-0.0033287097539639373
0.1500000000000341;0.8033;0.7967;-0.004226654310030838
0.1500000000000341;0.7943;0.8057;-0.004795038250303202
0.10000000000002274;0.7886;0.8114;-0.0048858876995482615
0.10000000000002274;0.7877;0.8123;-0.004468638787985556
0.10000000000002274;0.7919;0.8081;-0.003947058782667695
0.20000000000004547;0.7971;0.8029;-0.0034038483395315506
0.10000000000002274;0.8025;0.7975;-0.003377535728230904
0.20000000000004547;0.8028;0.7972;-0.003591846923157107
0.10000000000002274;0.8006;0.7994;-0.003742690049843561
0.10000000000002274;0.7991;0.8009;-0.0038919293665910385
0.10000000000002274;0.7976;0.8024;-0.0038729875234949666
0.1500000000000341;0.7978;0.8022;-0.003615215389138608
0.1500000000000341;0.8004;0.7996;-0.0025380870707560114
0.10000000000002274;0.8112;0.7888;-0.0032671310325669105
0.20000000000004547;0.8039;0.7961;-0.003345302773160721
0.1500000000000341;0.8031;0.7969;-0.002714894250780455
0.1500000000000341;0.8094;0.7906;-0.003237558562441188
0.1500000000000341;0.8042;0.7958;-0.004259693907799422
0.1500000000000341;0.794;0.806;-0.0030525299324438713
0.10000000000002274;0.806;0.794;-0.0032827194158043674
0.1500000000000341;0.8037;0.7963;-0.002973793893642995
0.10000000000002274;0.8068;0.7932;-0.0028691406365484885
0.1500000000000341;0.8079;0.7921;-0.002575765971190039
0.20000000000004547;0.8108;0.7892;-0.0028705889113387105
0.1500000000000341;0.8079;0.7921;-0.0030135747504407965
0.10000000000002274;0.8064;0.7936;-0.0031946855415438953
0.10000000000002274;0.8046;0.7954;-0.0034351370883121926
0.1500000000000341;0.8022;0.7978;-0.0037335639794721332
0.10000000000002274;0.7992;0.8008;-0.0037967991655264034
0.1500000000000341;0.7986;0.8014;-0.003643530619168641
0.1500000000000341;0.8001;0.7999;-0.003480971936648047
0.25000000000005684;0.8017;0.7983;-0.0033181042927493687
0.1500000000000341;0.8034;0.7966;-0.003433131228226376
0.10000000000002274;0.8022;0.7978;-0.0033559084289338376
0.1500000000000341;0.803;0.797;-0.003000882766689678
0.1500000000000341;0.8065;0.7935;-0.002569187242389603
0.10000000000002274;0.8109;0.7891;-0.0025182599972541856
0.1500000000000341;0.8114;0.7886;-0.0024030443969112057
0.1500000000000341;0.8125;0.7875;-0.0026352898572804193
0.1500000000000341;0.8102;0.7898;-0.002352400418461699
0.1500000000000341;0.813;0.787;-0.00232284413635277
0.1500000000000341;0.8133;0.7867;-0.0023633175220713065
0.1500000000000341;0.8129;0.7871;-0.0024561927595304323
0.1500000000000341;0.812;0.788;-0.0023170660901613883
0.1500000000000341;0.8134;0.7866;-0.0023211065733390796
0.10000000000002274;0.8133;0.7867;-0.0022948743114577477
0.25000000000005684;0.8136;0.7864;-0.0023199881785265714
0.10000000000002274;0.8134;0.7866;-0.002325494795140817
0.1500000000000341;0.8133;0.7867;-0.0023750098116098396
0.10000000000002274;0.8128;0.7872;-0.0023479836318983354
0.10000000000002274;0.8131;0.7869;-0.0023067905149809034
0.1500000000000341;0.8135;0.7865;-0.002283803716735818
0.20000000000004547;0.8137;0.7863;-0.0023008002280937114
0.1500000000000341;0.8136;0.7864;-0.003670377012156994
0.1500000000000341;0.7999;0.8001;-0.004489964110998345
0.1500000000000341;0.7917;0.8083;-0.0049020826345218165
0.1500000000000341;0.7875;0.8125;-0.004027702487005368
0.1500000000000341;0.7963;0.8037;-0.004860341537531798
0.20000000000004547;0.788;0.812;-0.004958741169061519
0.10000000000002274;0.788;0.812;-0.005058114820017089
0.10000000000002274;-0.4;-0.4;-0.0037803906965622486
0.1500000000000341;-0.4;-0.4;-0.002684323181648622
0.20000000000004547;-0.4;-0.4;-0.0012192918076515435
0.10000000000002274;-0.4;-0.4;-0.0004540288225844244
0.10000000000002274;-0.4;-0.4;0.0003116377400649268
0.10000000000002274;-0.4;-0.4;0.0010628534363483462
0.1500000000000341;-0.4;-0.4;0.0022621240859589113
0.1500000000000341;-0.4;-0.4;0.0033560517063302435
0.10000000000002274;-0.4;-0.4;0.004070764725973677
0.1500000000000341;-0.4;-0.4;0.004945195194639759
0.1500000000000341;-0.4;-0.4;0.00549162583959085
0.1500000000000341;-0.4;-0.4;0.005190995695061533
0.10000000000002274;-0.4;-0.4;0.004554096774427863
0.1500000000000341;-0.4;-0.4;0.0037015997393386136
0.1500000000000341;-0.4;-0.4;0.0034676637919555595
0.1500000000000341;-0.4;-0.4;0.002630903570025251
0.10000000000002274;-0.4;-0.4;0.0021854313029227245
0.1500000000000341;-0.4;-0.4;0.0015525139381009664
0.20000000000004547;-0.4;-0.4;0.0007412500943256043
0.1500000000000341;-0.4;-0.4;0.00019455357633071067
0.10000000000002274;-0.4;-0.4;0.00014090869112411725
0.10000000000002274;-0.4;-0.4;0.00013150178292849473
0.1500000000000341;-0.4;-0.4;-0.0006653232058853998
0.10000000000002274;-0.4;-0.4;-0.0012437143074180256
0.1500000000000341;-0.4;-0.4;-0.002273275136866819
0.10000000000002274;-0.4;-0.4;-0.0029827315369842025
0.20000000000004547;-0.4;-0.4;-0.00447315912992392
0.10000000000002274;-0.4;-0.4;-0.005247353929036966
0.10000000000002274;-0.4;-0.4;-0.006078406514524899
0.1500000000000341;-0.4;-0.4;-0.007347747150901268
0.1500000000000341;-0.4;-0.4;-0.008629519996110719
0.10000000000002274;-0.4;-0.4;-0.009476074428506679
0.10000000000002274;-0.4;-0.4;-0.010329995457033453
0.1500000000000341;-0.4;-0.4;-0.011563225925899983
0.1500000000000341;-0.4;-0.4;-0.012750783303636699
0.1500000000000341;-0.4;-0.4;-0.01388745002090299
0.10000000000002274;-0.4;-0.4;-0.014592327337594078
0.10000000000002274;-0.4;-0.4;-0.015249215994463779
0.10000000000002274;-0.4;-0.4;-0.01590762775775458
0.1500000000000341;-0.4;-0.4;-0.01635392012174793
0.10000000000002274;-0.4;-0.4;-0.01652580481111139
0.10000000000002274;-0.4;-0.4;-0.016372369375034404
0.1500000000000341;-0.4;-0.4;-0.015526748550048625
0.20000000000004547;-0.4;-0.4;-0.014122660856919232
0.10000000000002274;-0.4;-0.4;-0.013459136902529072
0.10000000000002274;-0.4;-0.4;-0.01271875836777579
0.1500000000000341;-0.4;-0.4;-0.01157600271031657
0.20000000000004547;-0.4;-0.4;-0.01009134028477775
0.10000000000002274;-0.4;-0.4;-0.009415433725514337
0.1500000000000341;-0.4;-0.4;-0.008413886594847514
0.20000000000004547;-0.4;-0.4;-0.007087543815185339
0.10000000000002274;-0.4;-0.4;-0.006426891370021603
0.10000000000002274;-0.4;-0.4;-0.005708368072154458
0.10000000000002274;-0.4;-0.4;-0.005137301566845069
0.10000000000002274;-0.4;-0.4;-0.00445682671687193
0.1500000000000341;-0.4;-0.4;-0.003519025278753208
0.10000000000002274;-0.4;-0.4;-0.0028263879556524557
0.1500000000000341;-0.4;-0.4;-0.0016616633058149732
0.1500000000000341;-0.4;-0.4;-0.0008102229205682707
0.1500000000000341;0.8;-0.2;-0.012902184867396842
0.1500000000000341;0.8;-0.2;-0.05376685092654425
0.10000000000002274;0.8;-0.2;-0.08497294560938101
0.1500000000000341;0.8;-0.2;-0.1311429330493455
0.1500000000000341;0.8;-0.2;-0.17775657061976166
0.1500000000000341;0.8;-0.2;-0.22336244527656263
0.10000000000002274;0.8;-0.2;-0.25447796383217886
0.20000000000004547;0.8;-0.2;-0.3167964056247344
0.1500000000000341;0.8;-0.2;-0.36334249277596453
0.1500000000000341;0.8;-0.2;-0.40967705211714417
0.10000000000002274;0.8;-0.2;-0.44050972185751947
0.1500000000000341;0.8;-0.2;-0.48679944268638436
0.1500000000000341;0.8;-0.2;-0.5329512020687931
0.10000000000002274;0.8;-0.2;-0.5634572583386919
0.10000000000002274;0.8;-0.2;-0.5940048113980215
0.20000000000004547;0.8;-0.2;-0.6558864511820651
0.10000000000002274;0.8;-0.2;-0.6868379193260326
0.1500000000000341;0.8;-0.2;-0.7332848348912687
0.10000000000002274;0.8;-0.2;-0.7643233347715076
0.1500000000000341;0.8;-0.2;-0.8111719138604885
0.10000000000002274;0.8;-0.2;-0.842112646884846
0.10000000000002274;0.8;-0.2;-0.8731858734685639
0.1500000000000341;0.8;-0.2;-0.9198124456665886
0.20000000000004547;0.8;-0.2;-0.9823737789835146
0.10000000000002274;0.8;-0.2;-1.0135451449065949
0.20000000000004547;0.8;-0.2;-1.0758397686586845
0.10000000000002274;0.8;-0.2;-1.1064062451331536
0.1500000000000341;0.8;-0.2;-1.1503393801218251
0.1500000000000341;0.8;-0.2;-1.1931993711493485
0.1500000000000341;0.8;-0.2;-1.2367554103409732
0.10000000000002274;0.8;-0.2;-1.2658033122529504
0.25000000000005684;0.8;-0.2;-1.3406189773488695
0.10000000000002274;0.8;-0.2;-1.3702320356297317
0.10000000000002274;0.8;-0.2;-1.40002577014427
0.1500000000000341;0.8;-0.2;-1.4451727390799367
0.10000000000002274;0.8;-0.2;-1.4759448737621255
0.20000000000004547;0.8;-0.2;-1.538350831454677
0.10000000000002274;0.8;-0.2;-1.5694353671951875
0.1500000000000341;0.8;-0.2;-1.6157041792109235
0.1500000000000341;0.8;-0.2;-1.6606079155972648
0.10000000000002274;0.8;-0.2;-1.6904943789851083
0.10000000000002274;0.8;-0.2;-1.7205385531835768
0.1500000000000341;0.8;-0.2;-1.7657085650649107
0.20000000000004547;0.8;-0.2;-1.8250477009058539
0.10000000000002274;0.7929;-0.1982;-1.854325419282067
0.1500000000000341;0.7753;-0.1938;-1.8972259959322368
0.1500000000000341;0.7496;-0.1874;-1.9386605197907838
0.1500000000000341;0.7247;-0.1812;-1.9785165897712358
0.20000000000004547;0.7008;-0.1752;-2.032735229815
0.10000000000002274;0.6683;-0.1671;-2.058711591198719
0.1500000000000341;0.6527;-0.1632;-2.0966748667529584
0.1500000000000341;0.6299;-0.1575;-2.133661018739713
0.10000000000002274;0.6077;-0.1519;-2.156806909547011
0.10000000000002274;0.5938;-0.1485;-2.1781075264447565
0.25000000000005684;0.5811;-0.1453;-2.2283333089399315
0.10000000000002274;0.5509;-0.1377;-2.2474032463290725
0.1500000000000341;0.5395;-0.1349;-2.2754152059149475
0.10000000000002274;0.5227;-0.1307;-2.2935071741393127
0.20000000000004547;0.5118;-0.128;-2.3307226151586433
0.10000000000002274;0.4895;-0.1224;-2.3484176743842045
0.1500000000000341;0.4789;-0.1197;-2.3732595619031676
0.20000000000004547;0.464;-0.116;-2.405245231137397
0.20000000000004547;0.4448;-0.1112;-2.435939325735711
0.10000000000002274;0.4264;-0.1066;-2.450886915003925
0.1500000000000341;0.4174;-0.1043;-2.4731465334547513
0.10000000000002274;0.404;-0.101;-2.4878148070433106
0.10000000000002274;0.3952;-0.0988;-2.5018168557093396
0.10000000000002274;0.3868;-0.0967;-2.5152714513412286
0.1500000000000341;0.3788;-0.0947;-2.5349229893726157
0.1500000000000341;0.367;-0.0917;-2.5539205714690354
0.20000000000004547;0.3556;-0.0889;-2.57846221412035
0.10000000000002274;0.3409;-0.0852;-2.590234670652983
0.1500000000000341;0.3338;-0.0834;-2.607514445617321
0.1500000000000341;0.3234;-0.0809;-2.624278171958888
0.10000000000002274;0.3134;-0.0783;-2.6351630059794537
0.20000000000004547;0.3068;-0.0767;-2.6563414191571915
0.10000000000002274;0.2941;-0.0735;-2.6665435654888356
0.20000000000004547;0.288;-0.072;-2.6865491738770184
0.10000000000002274;0.276;-0.069;-2.6961157127644997
0.1500000000000341;0.2703;-0.0676;-2.7101019157727477
0.1500000000000341;0.2619;-0.0655;-2.723722023117515
0.10000000000002274;0.2537;-0.0634;-2.732536666321911
0.10000000000002274;0.2484;-0.0621;-2.7411472692991468
0.1500000000000341;0.2432;-0.0608;-2.7538062920661535
0.1500000000000341;0.2356;-0.0589;-2.766090431676387
0.1500000000000341;0.2283;-0.0571;-2.7779939104276243
0.1500000000000341;0.2211;-0.0553;-2.789476036191718
0.1500000000000341;0.2142;-0.0536;-2.8006253730250497
0.20000000000004547;0.2076;-0.0519;-2.815038813999729
0.1500000000000341;0.1989;-0.0497;-2.825398674663261
0.10000000000002274;0.1927;-0.0482;-2.8320513868664685
0.1500000000000341;0.1887;-0.0472;-2.841916344301226
0.10000000000002274;0.1828;-0.0457;-2.8482684267826164
0.20000000000004547;0.179;-0.0447;-2.8606538586295085
0.1500000000000341;0.1715;-0.0429;-2.8696080480833728
0.10000000000002274;0.1662;-0.0415;-2.8753485750276937
0.1500000000000341;0.1627;-0.0407;-2.8838289147844787
0.20000000000004547;0.1576;-0.0394;-2.894771664330544
0.10000000000002274;0.1511;-0.0378;-2.9000461905205666
0.10000000000002274;0.1479;-0.037;-2.9052160658541495
0.10000000000002274;0.1448;-0.0362;-2.9102773200882344
0.20000000000004547;0.1418;-0.0354;-2.9201912241489447
0.20000000000004547;0.1358;-0.034;-2.9296834847556785
0.10000000000002274;0.1301;-0.0325;-2.934562606217667
0.10000000000002274;0.1272;-0.0318;-2.9394107769977627
0.10000000000002274;0.1243;-0.0311;-2.9443008861386994
0.10000000000002274;0.1214;-0.0303;-2.9490938392574253
0.10000000000002274;0.1185;-0.0296;-2.953728286404397
0.20000000000004547;0.1157;-0.0289;-2.962777959889949
0.1500000000000341;0.1103;-0.0276;-2.9693024838593014
0.10000000000002274;0.1063;-0.0266;-2.973470936488371
0.10000000000002274;0.1038;-0.026;-2.9775731340775122
0.10000000000002274;0.1014;-0.0253;-2.9815398852857
0.1500000000000341;0.099;-0.0248;-2.987397861915211
0.10000000000002274;0.0955;-0.0239;-2.991162045114281
0.10000000000002274;0.0932;-0.0233;-2.9948403243002177
0.1500000000000341;0.091;-0.0228;-3.0002271275448
0.25000000000005684;0.0878;-0.0219;-3.0088866064604356
0.10000000000002274;0.0826;-0.0206;-3.0121426082908314
0.20000000000004547;0.0806;-0.0202;-3.0183375417268317
0.1500000000000341;0.0769;-0.0192;-3.022577136600242
0.20000000000004547;0.0744;-0.0186;-3.028007884552742
0.10000000000002274;0.0711;-0.0178;-3.030701637895389
0.10000000000002274;0.0695;-0.0174;-3.0332342168856985
0.20000000000004547;0.068;-0.017;-3.038393890336788
0.1500000000000341;0.0649;-0.0162;-3.042016795986112
0.10000000000002274;0.0627;-0.0157;-3.044341677119572
0.1500000000000341;0.0613;-0.0153;-3.0477411330948865
0.1500000000000341;0.0593;-0.0148;-3.051108626457603
0.20000000000004547;0.0573;-0.0143;-3.0553452094174625
0.10000000000002274;0.0547;-0.0137;-3.0573656245107643
0.10000000000002274;0.0535;-0.0134;-3.059326473981843
0.1500000000000341;0.0523;-0.0131;-3.062184407403215
0.1500000000000341;0.0506;-0.0127;-3.065007244563368
0.10000000000002274;0.0489;-0.0122;-3.066819385467288
0.1500000000000341;0.0478;-0.012;-3.069544306093718
0.10000000000002274;0.0462;-0.0116;-3.0712950237493377
0.1500000000000341;0.0452;-0.0113;-3.0738276905455213
0.1500000000000341;0.0436;-0.0109;-3.0762207735331546
0.1500000000000341;0.0422;-0.0105;-3.078617386060079
0.1500000000000341;0.0408;-0.0102;-3.0809035234561724
0.1500000000000341;0.0394;-0.0098;-3.083133563544559
0.10000000000002274;0.0381;-0.0095;-3.084520723667383
0.1500000000000341;0.0372;-0.0093;-3.0865974204317426
0.10000000000002274;0.036;-0.009;-3.087930441218008
0.1500000000000341;0.0352;-0.0088;-3.089933886591924
0.10000000000002274;0.034;-0.0085;-3.0912210088205243
0.1500000000000341;0.0332;-0.0083;-3.0930831251928983
0.20000000000004547;0.0321;-0.008;-3.095430178445304
0.1500000000000341;0.0307;-0.0077;-3.097160510054023
0.1500000000000341;0.0296;-0.0074;-3.0987893903178834
0.20000000000004547;0.0287;-0.0072;-3.100913790288784
0.10000000000002274;0.0274;-0.0068;-3.1019192730883716
0.10000000000002274;0.0268;-0.0067;-3.1029291714838316
0.1500000000000341;0.0262;-0.0065;-3.104419931456461
0.1500000000000341;0.0253;-0.0063;-3.105817837288571
0.25000000000005684;0.0244;-0.0061;-3.108062016836299
0.1500000000000341;0.0231;-0.0058;-3.1093750136917695
0.1500000000000341;0.0223;-0.0056;-3.1106260241427868
0.1500000000000341;0.0216;-0.0054;-3.1118349973186517
0.1500000000000341;0.0208;-0.0052;-3.1130032172774724
0.10000000000002274;0.0201;-0.005;-3.1137485110559577
0.1500000000000341;0.02;-0.005;-3.1148592241176454
0.1500000000000341;0.02;-0.005;-3.115969921717245
0.20000000000004547;0.02;-0.005;-3.1174642927719383
0.1500000000000341;0.02;-0.005;-3.1185850735233522
0.1500000000000341;0.02;-0.005;-3.1197058568553993
0.10000000000002274;0.02;-0.005;-3.120446340091339
0.10000000000002274;0.02;-0.005;-3.1211805553564584
0.10000000000002274;0.02;-0.005;-3.1219277476723617
0.1500000000000341;0.02;-0.005;-3.123048538700619
0.10000000000002274;0.02;-0.005;-3.123789035936976
