0.05;0.375;-1.5;-0.0037909238059278872
0.2;1.4621;1.5379;-0.03345166731055204
0.14999999999999997;1.1655;1.8345;-0.02893291533029956
0.14999999999999997;1.2107;1.7893;-0.004347986432910508
0.10000000000000009;1.4565;1.5435;-0.000991736650431208
0.15000000000000013;1.4901;1.5099;-0.0013918835108959774
0.20000000000000007;1.4861;1.5139;-0.00132793249152036
0.10000000000000009;1.4867;1.5133;-0.001361799547906755
0.10000000000000009;1.4864;1.5136;-0.0013009755621352734
0.15000000000000013;1.487;1.513;-0.0012050608011156554
0.10000000000000009;1.4879;1.5121;-0.00131906327846949
0.10000000000000009;1.4868;1.5132;-0.0013022031461985995
0.10000000000000009;1.487;1.513;-0.0004797229190977644
0.10000000000000009;1.4952;1.5048;-2.9261259939656378e-05
0.10000000000000009;1.4997;1.5003;0.00016903460366738565
0.1499999999999999;1.5017;1.4983;-0.00012144231462005839
0.14999999999999947;1.4988;1.5012;-0.0008338467825119021
0.09999999999999964;1.4917;1.5083;-0.0007201344021241455
0.14999999999999947;1.4928;1.5072;0.000946070143909435
0.09999999999999964;1.5095;1.4905;0.0007293230895155068
0.1999999999999993;1.5073;1.4927;-0.00043597887960983035
0.09999999999999964;1.4956;1.5044;-0.0005973650173364306
0.09999999999999964;1.494;1.506;-0.00011316968365493256
0.1999999999999993;1.4989;1.5011;0.0013487596994425372
0.09999999999999964;1.5135;1.4865;0.0004446158689229865
0.09999999999999964;1.5135;1.4865;-0.010096854764142816
0.09999999999999964;-0.4;-0.4;-0.0102599176236306
0.09999999999999964;-0.4;-0.4;-0.009848280845543714
0.14999999999999947;-0.4;-0.4;-0.009058004568265082
0.09999999999999964;-0.4;-0.4;-0.00867316859911605
0.09999999999999964;-0.4;-0.4;-0.008040102098132183
0.14999999999999947;-0.4;-0.4;-0.007584205240881006
0.14999999999999947;-0.4;-0.4;-0.007731106279348713
0.09999999999999964;-0.4;-0.4;-0.008067783400967353
0.1999999999999993;-0.4;-0.4;-0.00937386999980747
0.09999999999999964;-0.4;-0.4;-0.009919464921793736
0.09999999999999964;-0.4;-0.4;-0.010620871275747335
0.14999999999999947;-0.4;-0.4;-0.01180389271282432
0.09999999999999964;-0.4;-0.4;-0.012315870582369583
0.14999999999999947;-0.4;-0.4;-0.012045004461975227
0.14999999999999947;-0.4;-0.4;-0.011330817935394788
0.14999999999999947;-0.4;-0.4;-0.01023444956841964
0.09999999999999964;-0.4;-0.4;-0.009469805380485672
0.09999999999999964;-0.4;-0.4;-0.008663131495503403
0.09999999999999964;-0.4;-0.4;-0.007790912579413619
0.09999999999999964;-0.4;-0.4;-0.00703707628556243
0.09999999999999964;-0.4;-0.4;-0.006182465829901337
0.1999999999999993;-0.4752;0.4752;0.02507457902037555
0.14999999999999947;-0.4565;0.4565;0.06711335284377593
0.09999999999999964;-0.4312;0.4312;0.09321849116411476
0.14999999999999947;-0.4156;0.4156;0.13133562584627984
0.09999999999999964;-0.3927;0.3927;0.15582518314127833
0.09999999999999964;-0.378;0.378;0.17893761938027805
0.09999999999999964;-0.3641;0.3641;0.20128620449599213
0.14999999999999947;-0.3507;0.3507;0.23371674207377785
0.09999999999999964;-0.3313;0.3313;0.2538040164624464
0.14999999999999947;-0.3192;0.3192;0.28308239498381166
0.14999999999999947;-0.3017;0.3017;0.31176637462827056
0.09999999999999964;-0.2844;0.2844;0.328623940515111
0.09999999999999964;-0.2743;0.2743;0.3452781118290644
0.14999999999999947;-0.2643;0.2643;0.3689907469584605
0.14999999999999947;-0.2501;0.2501;0.3910726201416851
0.09999999999999964;-0.2369;0.2369;0.40539665069139125
0.09999999999999964;-0.2283;0.2283;0.41922721892843906
0.20000000000000195;-0.22;0.22;0.4450161465202723
0.10000000000000142;-0.2045;0.2045;0.45752847587547907
0.10000000000000142;-0.197;0.197;0.4694619431895216
0.10000000000000142;-0.1898;0.1898;0.48086736714087064
0.10000000000000142;-0.183;0.183;0.49172950964000617
0.10000000000000142;-0.1765;0.1765;0.5025309009989061
0.15000000000000213;-0.17;0.17;0.5180623074760066
0.10000000000000142;-0.1607;0.1607;0.5278235404607072
0.15000000000000213;-0.1548;0.1548;0.5421037365880648
0.20000000000000284;-0.1462;0.1462;0.5601248332062324
0.10000000000000142;-0.1354;0.1354;0.5684907488302504
0.10000000000000142;-0.1304;0.1304;0.5764832970622171
0.15000000000000213;-0.1256;0.1256;0.5878719882382342
0.10000000000000142;-0.1188;0.1188;0.5950951923698428
0.10000000000000142;-0.1144;0.1144;0.6021434416475763
0.10000000000000142;-0.1102;0.1102;0.6089392902379338
0.15000000000000213;-0.1061;0.1061;0.6186379468730624
0.20000000000000284;-0.1003;0.1003;0.6309221293205417
0.15000000000000213;-0.1;0.1;0.6401927573849355
0.10000000000000142;-0.1;0.1;0.6464260308620371
0.10000000000000142;-0.1;0.1;0.6526591102329209
0.10000000000000142;-0.1;0.1;0.6588919818755676
0.10000000000000142;-0.1;0.1;0.6651254563227418
0.10000000000000142;-0.1;0.1;0.6713327187234582
0.15000000000000213;-0.1;0.1;0.6803884664666928
0.15000000000000213;-0.1;0.1;0.6894236131179013
0.15000000000000213;-0.1;0.1;0.69856948171083
0.10000000000000142;-0.1;0.1;0.7045798972572382
0.15000000000000213;-0.1;0.1;0.713597032734365
0.10000000000000142;-0.1;0.1;0.7194207031090044
0.10000000000000142;-0.1;0.1;0.7255032967295675
0.10000000000000142;-0.1;0.1;0.7314251508737699
0.15000000000000213;-0.1;0.1;0.7408454353783362
0.15000000000000213;-0.1;0.1;0.7500192645474785
0.10000000000000142;-0.1;0.1;0.7561420538775726
0.10000000000000142;-0.1;0.1;0.7623699220164161
0.15000000000000213;-0.1;0.1;0.7717520927825611
0.15000000000000213;-0.1;0.1;0.780882956425152
0.10000000000000142;0.0;0.0;0.7808853344255842
0.15000000000000213;0.9425;0.5184;0.7857517581675866
0.10000000000000142;0.9454;0.52;0.7757761920215053
0.10000000000000142;0.9394;0.5167;0.76276079159395
0.15000000000000213;0.9316;0.5124;0.7428324869636233
0.15000000000000213;0.9196;0.5058;0.722328031691049
0.15000000000000213;0.9073;0.499;0.70332976995407
0.10000000000000142;0.8959;0.4928;0.6903933016375459
0.15000000000000213;0.8882;0.4885;0.6714791657045545
0.15000000000000213;0.8768;0.4823;0.6538296169167019
0.10000000000000142;0.8662;0.4764;0.6422145098229338
0.15000000000000213;0.8593;0.4726;0.6255083409272011
0.15000000000000213;0.8493;0.4671;0.6092422415441346
0.10000000000000142;0.8395;0.4617;0.5989682360247657
0.20000000000000284;0.8333;0.4583;0.57914362702658
0.10000000000000142;0.8214;0.4518;0.5695453547154821
0.15000000000000213;0.8157;0.4486;0.5556281637194528
0.10000000000000142;0.8073;0.444;0.5464373525107604
0.10000000000000142;0.8018;0.441;0.5372999319726074
0.15000000000000213;0.7963;0.438;0.5236568801630697
0.15000000000000213;0.7881;0.4335;0.5096973672233958
0.15000000000000213;0.7798;0.4289;0.4952862183211665
0.10000000000000142;0.7711;0.4241;0.48563634902371433
0.15000000000000213;0.7653;0.4209;0.47104183725353116
0.10000000000000142;0.7566;0.4161;0.46148657684739725
0.10000000000000142;0.7508;0.413;0.45188872028478677
0.15000000000000213;0.7451;0.4098;0.4372025366467089
0.20000000000000284;0.7363;0.4049;0.41759238951919136
0.15000000000000213;0.7245;0.3985;0.4033893637407756
0.15000000000000213;0.716;0.3938;0.38950432508242533
0.15000000000000213;0.7077;0.3892;0.3755949754657407
0.15000000000000213;0.6993;0.3846;0.3613726466459915
0.10000000000000142;0.6908;0.3799;0.3522892932798095
0.10000000000000142;0.6853;0.3769;0.34324051707612885
0.20000000000000284;0.6799;0.3739;0.3250623179703491
0.15000000000000213;0.669;0.3679;0.31124928294466564
0.10000000000000142;0.6607;0.3634;0.3018751559811472
0.15000000000000213;0.6551;0.3603;0.2890129430831701
0.20000000000000284;0.6474;0.356;0.27204350953043277
0.10000000000000142;0.6372;0.3504;0.2637121492356564
0.15000000000000213;0.6322;0.3477;0.25131769667388915
0.10000000000000142;0.6247;0.3436;0.24319611283678708
0.20000000000000284;0.6199;0.3409;0.22707641205606
0.20000000000000284;0.6102;0.3356;0.21128700642139747
0.10000000000000142;0.6007;0.3304;0.2033415595627046
0.10000000000000142;0.596;0.3278;0.195562954726051
0.15000000000000213;0.5913;0.3252;0.18389739557833132
0.15000000000000213;0.5843;0.3214;0.17281340559553662
0.15000000000000213;0.5776;0.3177;0.16098406707503218
0.15000000000000213;0.5705;0.3138;0.1492382690723553
0.15000000000000213;0.5635;0.3099;0.13803491124588044
0.15000000000000213;0.5568;0.3062;0.1266316188599988
0.10000000000000142;0.5499;0.3025;0.11914424862253901
0.15000000000000213;0.5454;0.3;0.1080652802575047
0.10000000000000142;0.5388;0.2963;0.10066436952925545
0.15000000000000213;0.5343;0.2939;0.08901595616287894
0.10000000000000142;0.5274;0.29;0.08138592187065342
0.15000000000000213;0.5228;0.2875;0.06966035646041159
0.25000000000000355;0.5157;0.2837;0.050236821460709166
0.10000000000000142;0.5041;0.2772;0.043092336400034716
0.15000000000000213;0.4998;0.2749;0.03275248165146117
0.15000000000000213;0.4936;0.2715;0.022502673925310586
0.10000000000000142;0.4874;0.2681;0.015761246740772644
0.20000000000000284;0.4834;0.2659;0.002292782815076092
0.10000000000000142;0.4753;0.2614;-0.004360556414202456
0.15000000000000213;0.4713;0.2592;-0.013793621187278487
0.20000000000000284;0.4657;0.2561;-0.027162554144943972
0.10000000000000142;0.4577;0.2517;-0.0330292776267293
0.10000000000000142;0.4541;0.2498;-0.039099650303820635
0.10000000000000142;0.4505;0.2478;-0.045092632170095
0.15000000000000213;0.4469;0.2458;-0.05449004931642503
0.10000000000000142;0.4413;0.2427;-0.060542694901766725
0.15000000000000213;0.4376;0.2407;-0.06921527444147495
0.15000000000000213;0.4324;0.2378;-0.07798862579058946
0.15000000000000213;0.4272;0.2349;-0.08557229447867871
0.10000000000000142;0.4226;0.2324;-0.09145697998348042
0.15000000000000213;0.4191;0.2305;-0.09988897017925234
0.10000000000000142;0.414;0.2277;-0.1056170455784945
0.10000000000000142;0.4106;0.2258;-0.11139986862427688
0.10000000000000142;0.4071;0.2239;-0.11716060085486686
0.10000000000000142;0.4037;0.222;-0.1229454965407127
0.20000000000000284;0.4002;0.2201;-0.1337167033686598
0.15000000000000213;0.3937;0.2165;-0.14148545342560206
0.15000000000000213;0.3891;0.214;-0.14900799110656776
0.15000000000000213;0.3845;0.2115;-0.15636481600994961
0.15000000000000213;0.3801;0.2091;-0.16360522031606292
0.15000000000000213;0.3758;0.2067;-0.17083687961810506
0.10000000000000142;0.3714;0.2043;-0.17558740764350014
0.15000000000000213;0.3686;0.2027;-0.18268539527282662
0.10000000000000142;0.3643;0.2004;-0.18728857163399695
0.15000000000000213;0.3616;0.1989;-0.19385449408347866
0.15000000000000213;0.3576;0.1967;-0.20004601922301607
0.10000000000000142;0.3539;0.1947;-0.20401100856721124
0.10000000000000142;0.3515;0.1933;-0.20781380087558604
0.10000000000000142;0.3493;0.1921;-0.21148433615200396
0.15000000000000213;0.3471;0.1909;-0.21698831548179806
0.10000000000000142;0.3438;0.1891;-0.22058400815228102
0.20000000000000284;0.3416;0.1879;-0.22795090115031688
0.15000000000000213;0.3372;0.1854;-0.233607366502144
0.15000000000000213;0.3338;0.1836;-0.23932593348616504
0.15000000000000213;0.3304;0.1817;-0.2451474715084688
0.10000000000000142;0.3269;0.1798;-0.24906775091454517
0.15000000000000213;0.3245;0.1785;-0.25487765986173316
0.10000000000000142;0.321;0.1766;-0.2589043192163402
0.10000000000000142;0.3186;0.1752;-0.26278694046040385
0.10000000000000142;0.3163;0.174;-0.2665271336062466
0.20000000000000284;0.314;0.1727;-0.2739154708693969
0.10000000000000142;0.3096;0.1703;-0.2775306747125601
0.10000000000000142;0.3074;0.1691;-0.2812155791618543
0.15000000000000213;0.3052;0.1679;-0.28681078065340143
0.10000000000000142;0.3019;0.166;-0.29049388121543823
0.15000000000000213;0.2997;0.1648;-0.29583438664857875
0.15000000000000213;0.2964;0.163;-0.3010857443949593
0.10000000000000142;0.2933;0.1613;-0.3043847306859641
0.15000000000000213;0.2913;0.1602;-0.30950033134939586
0.15000000000000213;0.2882;0.1585;-0.3146857034121627
0.15000000000000213;0.2851;0.1568;-0.32009139127240316
0.10000000000000142;0.2819;0.155;-0.32363842630607326
0.10000000000000142;0.2798;0.1539;-0.3271560365156671
0.10000000000000142;0.2777;0.1527;-0.3306694971397621
0.15000000000000213;0.2755;0.1516;-0.3360235992833892
0.15000000000000213;0.2723;0.1498;-0.3408579640411595
0.20000000000000284;0.2694;0.1482;-0.34719441574058635
0.10000000000000142;0.2656;0.1461;-0.3502446932195252
0.10000000000000142;0.2638;0.1451;-0.3536011871051852
0.15000000000000213;0.2618;0.144;-0.3580193872924535
0.10000000000000142;0.2591;0.1425;-0.3606866050926105
0.15000000000000213;0.2575;0.1416;-0.36567581465426996
0.10000000000000142;0.2545;0.14;-0.36931673355463
0.15000000000000213;0.2524;0.1388;-0.3748468013803581
0.15000000000000213;0.249;0.137;-0.37944838569961287
0.15000000000000213;0.2463;0.1355;-0.3833572549267358
0.10000000000000142;0.2439;0.1342;-0.3862069133888566
0.15000000000000213;0.2422;0.1332;-0.3908513406052324
0.10000000000000142;0.2394;0.1317;-0.3933992919363333
0.15000000000000213;0.2379;0.1308;-0.39717224029248516
0.10000000000000142;0.2356;0.1296;-0.39953654472214717
0.10000000000000142;0.2342;0.1288;-0.4019154040191689
0.20000000000000284;0.2328;0.128;-0.4071091841909994
0.10000000000000142;0.2297;0.1263;-0.4094262009690374
0.15000000000000213;0.2283;0.1256;-0.4126320267001914
0.10000000000000142;0.2264;0.1245;-0.4147490623545766
0.10000000000000142;0.2251;0.1238;-0.4168759339704429
0.15000000000000213;0.2238;0.1231;-0.420007140163317
0.09999999999999432;0.2219;0.1221;-0.4220969336961027
0.19999999999998863;0.2207;0.1214;-0.4262313985908671
0.14999999999999147;0.2182;0.12;-0.42930681503793705
0.14999999999999147;0.2164;0.119;-0.4323331852117336
0.14999999999999147;0.2145;0.118;-0.4353139452413683
0.09999999999999432;0.2128;0.117;-0.4372812764480081
0.09999999999999432;0.2116;0.1164;-0.43922190163734015
0.09999999999999432;0.2104;0.1157;-0.4411377557685869
0.14999999999999147;0.2093;0.1151;-0.44473718385668043
0.09999999999999432;0.2071;0.1139;-0.44673058500323654
0.09999999999999432;0.2059;0.1133;-0.44859281269122275
0.09999999999999432;0.2048;0.1126;-0.45070760230034745
0.14999999999999147;0.2035;0.1119;-0.4541801652024061
0.09999999999999432;0.2014;0.1108;-0.45656892631173307
0.09999999999999432;0.2;0.11;-0.45897151043236384
0.09999999999999432;0.1986;0.1092;-0.4611526476179219
0.14999999999999147;0.1973;0.1085;-0.4644983633413721
0.09999999999999432;0.1952;0.1074;-0.4663243377285706
0.09999999999999432;0.1942;0.1068;-0.46846861452860555
0.14999999999999147;0.1929;0.1061;-0.4712440699150663
0.09999999999999432;0.1912;0.1052;-0.47323560177120244
0.14999999999999147;0.19;0.1045;-0.47590091735199574
0.09999999999999432;0.1884;0.1036;-0.4777860548290001
0.09999999999999432;0.1873;0.103;-0.47961011785088087
0.14999999999999147;0.1862;0.1024;-0.48224613160687585
0.09999999999999432;0.1846;0.1015;-0.48405367295832136
0.14999999999999147;0.1835;0.1009;-0.4871123208977091
0.14999999999999147;0.1817;0.0999;-0.489689375321909
0.14999999999999147;0.1801;0.0991;-0.4925454787979977
0.09999999999999432;0.1784;0.0981;-0.49434325535586976
0.09999999999999432;0.1773;0.0975;-0.4959377067076588
0.14999999999999147;0.1764;0.097;-0.4983563963721951
0.09999999999999432;0.1749;0.0962;-0.5000666373556676
0.14999999999999147;0.1739;0.0956;-0.5027515863169998
0.19999999999998863;0.1723;0.0948;-0.5066957043002871
0.19999999999998863;0.1699;0.0935;-0.5112059054832186
0.14999999999999147;0.1672;0.092;-0.5147556896632867
0.09999999999999432;0.1651;0.0908;-0.5171277563649246
0.09999999999999432;0.1637;0.09;-0.5195084073417487
0.14999999999999147;0.1622;0.0892;-0.5231325137915117
0.09999999999999432;0.1601;0.088;-0.5253079494833806
0.14999999999999147;0.1588;0.0873;-0.5286753564892608
0.19999999999998863;0.1567;0.0862;-0.5332439620154592
0.14999999999999147;0.154;0.0847;-0.5369279296753866
0.14999999999999147;0.1518;0.0835;-0.5404428527719705
0.14999999999999147;0.1497;0.0823;-0.5438751603736176
0.09999999999999432;0.1476;0.0812;-0.5460853983862642
0.14999999999999147;0.1463;0.0805;-0.5492794046760747
0.14999999999999147;0.1444;0.0794;-0.5524987518306435
0.14999999999999147;0.1424;0.0783;-0.55572966708721
0.14999999999999147;0.1405;0.0773;-0.5589594075778193
0.09999999999999432;0.1386;0.0762;-0.561077093444773
0.09999999999999432;0.1373;0.0755;-0.5631580524645161
0.14999999999999147;0.1361;0.0748;-0.5662734741081068
0.14999999999999147;0.1342;0.0738;-0.569301058271323
0.09999999999999432;0.1324;0.0728;-0.5713097010889263
0.14999999999999147;0.1312;0.0721;-0.5743015084756395
0.14999999999999147;0.1294;0.0712;-0.5772262965496986
0.19999999999998863;0.1276;0.0702;-0.5810290659408835
0.14999999999999147;0.1253;0.0689;-0.5838158911810051
0.09999999999999432;0.1237;0.068;-0.585693285173809
0.09999999999999432;0.1225;0.0674;-0.5874729626409798
0.19999999999998863;0.1215;0.0668;-0.5908821625135551
0.09999999999999432;0.1194;0.0657;-0.5925222576539
0.09999999999999432;0.1184;0.0651;-0.5942005196349829
0.2499999999999858;0.1174;0.0646;-0.5986436501944745
0.09999999999999432;0.1148;0.0631;-0.6003925713728729
0.14999999999999147;0.1137;0.0625;-0.6029795996480322
0.09999999999999432;0.1122;0.0617;-0.6046763304378379
0.19999999999998863;0.1111;0.0611;-0.608048101001406
0.09999999999999432;0.1091;0.06;-0.6097044143525657
0.09999999999999432;0.1081;0.0595;-0.6113391717470766
0.09999999999999432;0.1071;0.0589;-0.6129636021802114
0.19999999999998863;0.1062;0.0584;-0.6161783785892854
0.14999999999999147;0.1042;0.0573;-0.6185701307698954
0.14999999999999147;0.1028;0.0565;-0.6209354685257954
0.14999999999999147;0.1014;0.0558;-0.6232565566650885
0.09999999999999432;0.1;0.055;-0.6247869885365843
0.09999999999999432;0.1;0.055;-0.6263081468075106
0.09999999999999432;0.1;0.055;-0.6278210535793151
0.14999999999999147;0.1;0.055;-0.6301095880680457
0.14999999999999147;0.1;0.055;-0.6323855692139984
0.14999999999999147;0.1;0.055;-0.6346450954713683
0.09999999999999432;0.1;0.055;-0.6361625462518785
0.14999999999999147;0.1;0.055;-0.6382333562132991
0.14999999999999147;0.1;0.055;-0.6403539463691159
0.09999999999999432;0.1;0.055;-0.6418274569986475
0.14999999999999147;0.1;0.055;-0.6439443861484089
0.19999999999998863;0.1;0.055;-0.6468805486175203
0.14999999999999147;0.1;0.055;-0.649046326562373
0.09999999999999432;0.1;0.055;-0.6504656308887915
0.14999999999999147;0.1;0.055;-0.6526620344312867
0.19999999999998863;0.1;0.055;-0.6556518768970455
0.09999999999999432;0.1;0.055;-0.6571219869865076
0.14999999999999147;0.1;0.055;-0.6592906737385982
0.09999999999999432;0.1;0.055;-0.660710836256346
0.14999999999999147;0.1;0.055;-0.6629055592653502
0.09999999999999432;0.1;0.055;-0.6643507025149017
0.09999999999999432;0.1;0.055;-0.6656417183568973
0.14999999999999147;0.1;0.055;-0.6676520773045876
0.14999999999999147;0.1;0.055;-0.6696101167449562
0.14999999999999147;0.1;0.055;-0.6714191998240104
0.09999999999999432;0.1;0.055;-0.6723508346271933
0.2499999999999858;0.1;0.055;-0.6743338991109179
0.09999999999999432;0.1;0.055;-0.674882191655823
0.14999999999999147;0.1;0.055;-0.6757710153131232
0.14999999999999147;0.1;0.055;-0.6767522674085249
0.14999999999999147;0.1;0.055;-0.6777244050264772
0.14999999999999147;0.1;0.055;-0.6789383319276885
0.09999999999999432;0.1;0.055;-0.6796287030941008
0.09999999999999432;0.1;0.055;-0.6801596854648098
0.19999999999998863;0.1;0.055;-0.681370569591306
0.09999999999999432;0.1;0.055;-0.6820490448732933
0.19999999999998863;0.1;0.055;-0.6837730366267859
0.09999999999999432;0.1;0.055;-0.6843688757513474
0.19999999999998863;0.1;0.055;-0.6857203656178179
0.09999999999999432;0.1;0.055;-0.6862650851593588
0.14999999999999147;0.1;0.055;-0.6872066269284132
0.2499999999999858;0.1;0.055;-0.6885439542267412
0.09999999999999432;0.1;0.055;-0.6891910203439273
0.14999999999999147;0.1;0.055;-0.6901164374986178
0.14999999999999147;0.1;0.055;-0.6909761992134459
0.14999999999999147;0.1;0.055;-0.6921382196084521
0.09999999999999432;0.1;0.055;-0.692744624912123
0.09999999999999432;0.1;0.055;-0.6934144336906632
0.09999999999999432;0.1;0.055;-0.6940397996097522
0.2499999999999858;0.1;0.055;-0.695652760922586
0.09999999999999432;0.1;0.055;-0.6962223969326322
0.14999999999999147;0.1;0.055;-0.6971804859371065
0.09999999999999432;0.1;0.055;-0.6977097419239309
0.14999999999999147;0.1;0.055;-0.698560291972177
0.14999999999999147;0.1;0.055;-0.6996564102463367
0.09999999999999432;0.1;0.055;-0.7002139879062045
0.09999999999999432;0.1;0.055;-0.7008455895723575
0.2499999999999858;0.1;0.055;-0.7020828675825707
0.09999999999999432;0.1;0.055;-0.7027637275880523
0.14999999999999147;0.1;0.055;-0.7037475056862978
0.09999999999999432;0.1;0.055;-0.7043849579301108
0.14999999999999147;0.1;0.055;-0.7052916853465702
0.19999999999998863;0.1;0.055;-0.7066679406835109
0.09999999999999432;0.1;0.055;-0.7073801732888905
0.14999999999999147;0.1;0.055;-0.7083660017912403
0.2499999999999858;0.1;0.055;-0.7096917107787892
0.09999999999999432;0.1;0.055;-0.7102420104417636
0.09999999999999432;0.1;0.055;-0.7109727120322534
0.19999999999998863;0.1;0.055;-0.7121008934372876
0.14999999999999147;0.1;0.055;-0.7130047358205137
0.19999999999998863;0.1;0.055;-0.7142424739920125
0.09999999999999432;0.1;0.055;-0.7148126024508823
0.14999999999999147;0.1;0.055;-0.7157044910826666
0.19999999999998863;0.1;0.055;-0.7168979985472451
0.09999999999999432;0.1;0.055;-0.7176102624933612
0.09999999999999432;0.1;0.055;-0.7182233572878381
0.14999999999999147;0.1;0.055;-0.7192265613768756
0.09999999999999432;0.1;0.055;-0.7200836032678005
0.09999999999999432;0.1;0.055;-0.7206534722690845
0.14999999999999147;0.1;0.055;-0.7215557482815703
0.14999999999999147;0.1;0.055;-0.722627516916321
0.19999999999998863;0.1;0.055;-0.7239447426417509
0.09999999999999432;0.1;0.055;-0.7247513270473408
0.09999999999999432;0.1;0.055;-0.7253297985035697
0.09999999999999432;0.1;0.055;-0.725986032712742
0.09999999999999432;0.1;0.055;-0.7268137156594188
0.14999999999999147;0.1;0.055;-0.7289146335414233
0.09999999999999432;0.1;0.055;-0.7306623051035807
0.14999999999999147;0.1;0.055;-0.7337724954205531
0.19999999999998863;0.1;0.055;-0.7369508276439929
0.14999999999999147;0.1;0.055;-0.7383958157234384
0.09999999999999432;0.1;0.055;-0.7389489319625886
0.14999999999999147;0.1;0.055;-0.7399327165341099
0.09999999999999432;0.1;0.055;-0.7406059880434439
0.14999999999999147;0.1;0.055;-0.7416697832128586
0.14999999999999147;0.1;0.055;-0.7427989960998727
0.2499999999999858;0.1;0.055;-0.7448741227721329
0.14999999999999147;0.1;0.055;-0.7461930334585936
0.14999999999999147;0.1;0.055;-0.7475889779691183
0.14999999999999147;0.1;0.055;-0.7490651406467438
0.09999999999999432;0.1;0.055;-0.7500860755711373
0.19999999999998863;0.1;0.055;-0.752280858230845
0.09999999999999432;0.1;0.055;-0.7534178731806257
0.09999999999999432;0.1;0.055;-0.754595437699211
0.19999999999998863;0.1;0.055;-0.7571182931620264
0.14999999999999147;0.1;0.055;-0.7591083868237211
0.14999999999999147;0.1;0.055;-0.7610777222374243
0.14999999999999147;0.1;0.055;-0.7631118695239802
0.14999999999999147;0.1;0.055;-0.7652455168410119
0.14999999999999147;0.1;0.055;-0.7673125133713549
0.14999999999999147;0.1;0.055;-0.7691959974908713
0.19999999999998863;0.1;0.055;-0.771368701049468
0.09999999999999432;0.1;0.055;-0.7725414332428595
0.09999999999999432;0.1;0.055;-0.7736687998218634
0.09999999999999432;0.1;0.055;-0.7746489914110021
0.04999999999999716;0.1;0.055;-0.7750909252021403
0.14999999999999147;0.1;0.055;-0.7764113752048231
0.14999999999999147;0.1;0.055;-0.7773330625765623
0.14999999999999147;0.1;0.055;-0.7784416243151849
0.19999999999998863;0.1;0.055;-0.7800266539944952
0.09999999999999432;0.1;0.055;-0.7808843252537195
0.14999999999999147;0.1;0.055;-0.7823153518908835
0.09999999999999432;0.1;0.055;-0.783351642693694
0.14999999999999147;0.1;0.055;-0.7850451769070795
0.19999999999998863;0.0;0.0;-0.7859724844133232
0.09999999999999432;-0.4718;0.4718;-0.7714202560042711
0.19999999999998863;-0.4631;0.4631;-0.716854071187956
0.14999999999999147;-0.4303;0.4303;-0.6782343692190423
0.14999999999999147;-0.4072;0.4072;-0.6419141975638073
0.14999999999999147;-0.3854;0.3854;-0.6077204950277147
0.09999999999999432;-0.3648;0.3648;-0.5856435641336507
0.14999999999999147;-0.3516;0.3516;-0.5542617060087368
0.09999999999999432;-0.3328;0.3328;-0.5346397786229989
0.19999999999998863;-0.321;0.321;-0.49612024201921157
0.2499999999999858;-0.2979;0.2979;-0.451245862780479
0.09999999999999432;-0.271;0.271;-0.4352085527740103
0.14999999999999147;-0.2613;0.2613;-0.4110932614626957
0.14999999999999147;-0.2469;0.2469;-0.3892747680301141
0.09999999999999432;-0.2338;0.2338;-0.3752689224136818
0.14999999999999147;-0.2254;0.2254;-0.35470294266768104
0.09999999999999432;-0.213;0.213;-0.34209985363624884
0.19999999999998863;-0.2055;0.2055;-0.31739809903799165
0.19999999999998863;-0.1907;0.1907;-0.29452178670981277
0.09999999999999432;-0.1769;0.1769;-0.28431181303327324
0.09999999999999432;-0.1708;0.1708;-0.2744039990416891
0.14999999999999147;-0.1649;0.1649;-0.2596536649492415
0.14999999999999147;-0.156;0.156;-0.2457715133643984
0.14999999999999147;-0.1477;0.1477;-0.23252245109856232
0.19999999999998863;-0.1397;0.1397;-0.21591292682856936
0.14999999999999147;-0.1298;0.1298;-0.20427035306324695
0.09999999999999432;-0.1228;0.1228;-0.19692617753112343
0.14999999999999147;-0.1184;0.1184;-0.18630567198929893
0.14999999999999147;-0.112;0.112;-0.1762538757519881
0.10000000000000142;-0.106;0.106;-0.16990458320904372
0.14999999999999147;-0.1022;0.1022;-0.1606808176417481
0.14999999999999147;-0.1;0.1;-0.1513754328369882
0.2499999999999858;-0.1;0.1;-0.13659504238721631
0.09999999999999432;-0.1;0.1;-0.13070259953937785
0.09999999999999432;-0.1;0.1;-0.12464196248590223
0.09999999999999432;-0.1;0.1;-0.11873198513643496
0.09999999999999432;-0.1;0.1;-0.11275243841608115
0.09999999999999432;-0.1;0.1;-0.10691914052818768
0.14999999999999147;-0.1;0.1;-0.09805619541414419
0.09999999999999432;-0.1;0.1;-0.09241187147778607
0.19999999999998863;-0.1;0.1;-0.08086915013014388
0.14999999999999147;-0.1;0.1;-0.07202626844098939
0.14999999999999147;-0.1;0.1;-0.06318383285428769
0.14999999999999147;-0.1;0.1;-0.05415829337087852
0.09999999999999432;-0.1;0.1;-0.04801494984422864
0.14999999999999147;-0.1;0.1;-0.03886378341967824
0.09999999999999432;-0.1;0.1;-0.033049341628396296
0.14999999999999147;-0.1;0.1;-0.024308812183260704
0.19999999999998863;-0.1;0.1;-0.012984098252533062
0.14999999999999147;-0.1;0.1;-0.004126461532771339
0.09999999999999432;0.0;0.0;-0.004125330333730327
0.09999999999999432;1.5;1.5;-0.0043066014308417435
0.09999999999999432;1.4982;1.5018;-0.003971247776638192
0.14999999999999147;1.5016;1.4984;-0.004010032900681318
0.09999999999999432;1.5012;1.4988;-0.004914766061531233
0.09999999999999432;1.4921;1.5079;-0.006910980883203315
0.19999999999998863;1.4722;1.5278;-0.0034247031271853858
0.14999999999999147;1.507;1.493;-0.0035886635128327313
0.09999999999999432;1.5054;1.4946;-0.004278413645823981
0.09999999999999432;1.4985;1.5015;-0.00471363069453457
0.14999999999999147;1.4941;1.5059;-0.00412051097248559
0.09999999999999432;1.5001;1.4999;-0.003363837357615504
0.14999999999999147;1.5076;1.4924;-0.00447006860234473
0.09999999999999432;1.4966;1.5034;-0.004947945398164964
0.19999999999998863;1.4918;1.5082;-0.005599210352550219
0.09999999999999432;1.4853;1.5147;-0.005456986292086864
0.09999999999999432;1.4867;1.5133;-0.005461395773605709
0.09999999999999432;1.4867;1.5133;-0.00545773462028778
0.09999999999999432;1.4867;1.5133;-0.005455981768488923
0.09999999999999432;1.4867;1.5133;-0.005458806229824128
0.09999999999999432;1.4867;1.5133;-0.005463449724672295
0.14999999999999147;1.4866;1.5134;-0.005496545207835678
0.09999999999999432;1.4863;1.5137;-0.005488890840652878
0.19999999999998863;1.4864;1.5136;-0.005512137716954452
0.14999999999999147;1.4861;1.5139;-0.005465642139797764
0.09999999999999432;1.4866;1.5134;-0.005496850902060746
0.09999999999999432;1.4863;1.5137;-0.005486221451407681
0.09999999999999432;1.4864;1.5136;-0.005478947267522459
0.09999999999999432;1.4865;1.5135;-0.005467534048555448
0.14999999999999147;1.4866;1.5134;-0.005490940847885748
0.14999999999999147;1.4864;1.5136;-0.005497126358883328
0.19999999999998863;1.4863;1.5137;-0.0054484604152462025
0.14999999999999147;1.4868;1.5132;-0.0054775627756091785
0.09999999999999432;1.4865;1.5135;-0.005477355742398504
0.09999999999999432;1.4865;1.5135;-0.005482764417470429
0.09999999999999432;1.4864;1.5136;-0.005491272082353488
0.14999999999999147;1.4864;1.5136;-0.005468138962924244
0.09999999999999432;1.4866;1.5134;-0.005471345774402629
0.09999999999999432;1.4866;1.5134;-0.005475294104256008
0.14999999999999147;1.4865;1.5135;-0.00547010185507249
0.19999999999998863;1.4866;1.5134;-0.005515615234285395
0.09999999999999432;1.4861;1.5139;-0.005490275702383366
0.09999999999999432;1.4864;1.5136;-0.0054965032862709625
0.14999999999999147;1.4863;1.5137;-0.005464631958922842
0.09999999999999432;1.4866;1.5134;-0.005463711836970516
0.09999999999999432;1.4866;1.5134;-0.005459545664117715
0.14999999999999147;1.4866;1.5134;0.001823269870243325
0.09999999999999432;-0.4;-0.4;0.0027852224272083945
0.19999999999998863;-0.4;-0.4;0.004413413475072042
0.09999999999999432;-0.4;-0.4;0.00505272230499901
0.14999999999999147;-0.4;-0.4;0.006057583450889267
0.09999999999999432;-0.4;-0.4;0.006431773891453001
0.14999999999999147;-0.4;-0.4;0.006989627879707728
0.14999999999999147;-0.4;-0.4;0.0074250694863386285
0.19999999999998863;-0.4;-0.4;0.008149071113149902
0.09999999999999432;-0.4;-0.4;0.008411236477647743
0.19999999999998863;-0.4;-0.4;0.008787278678861296
0.14999999999999147;-0.4;-0.4;0.008205042134250034
0.14999999999999147;-0.4;-0.4;0.007382063281016092
0.09999999999999432;-0.4;-0.4;0.006755087995306776
0.14999999999999147;-0.4;-0.4;0.0059475689429137136
0.09999999999999432;-0.4;-0.4;0.005376985893420443
0.14999999999999147;-0.4;-0.4;0.004972575079113298
0.09999999999999432;-0.4;-0.4;0.0048142456058506665
0.14999999999999147;-0.4;-0.4;0.0045129182705980955
0.14999999999999147;-0.4;-0.4;0.004194299260295288
0.09999999999999432;-0.4;-0.4;0.0038844549600278505
0.09999999999999432;-0.4;-0.4;0.0035857755140014003
0.14999999999999147;-0.4;-0.4;0.003385065778086495
0.09999999999999432;-0.4;-0.4;0.0030665955186717437
0.14999999999999147;-0.4;-0.4;0.002238786288342436
0.09999999999999432;-0.4;-0.4;0.0016469410413941844
0.14999999999999147;-0.4;-0.4;0.0007703598151549624
0.09999999999999432;-0.4;-0.4;6.361395155022893e-05
0.14999999999999147;-0.4;-0.4;-0.0009653359435875875
0.14999999999999147;-0.4;-0.4;-0.0020197005944328716
0.09999999999999432;-0.4;-0.4;-0.0028057005593961296
0.09999999999999432;-0.4;-0.4;-0.0035050598460688014
0.14999999999999147;-0.4;-0.4;-0.004680102399766888
0.14999999999999147;-0.4;-0.4;-0.005829687227252658
0.14999999999999147;-0.4;-0.4;-0.006940892290030782
0.09999999999999432;-0.4;-0.4;-0.007606170521482418
0.09999999999999432;-0.4;-0.4;-0.00828872553041869
0.09999999999999432;-0.4;-0.4;-0.009024495875965197
0.09999999999999432;-0.4;-0.4;-0.00966086191071411
0.19999999999998863;-0.4;-0.4;-0.011253552157635916
0.09999999999999432;-0.4;-0.4;-0.011884693339373632
0.09999999999999432;-0.4;-0.4;-0.012204290140313828
0.2499999999999858;-0.4;-0.4;-0.011762129475616756
0.09999999999999432;-0.4;-0.4;-0.012033698135934936
0.09999999999999432;-0.4;-0.4;-0.012564441144715064
0.14999999999999147;-0.4;-0.4;-0.013692915172594102
0.09999999999999432;-0.4;-0.4;-0.014274571618576233
0.09999999999999432;-0.4;-0.4;-0.014831511474792721
0.14999999999999147;-0.4;-0.4;-0.015923185905321012
0.19999999999998863;-0.4;-0.4;-0.017126518828615725
0.14999999999999147;-0.4;-0.4;-0.017819777899428107
0.14999999999999147;-0.4;-0.4;-0.01779346016342062
0.14999999999999147;-0.4;-0.4;-0.01776906407235019
0.19999999999998863;-0.4;-0.4;-0.017931925685029656
0.14999999999999147;-0.4;-0.4;-0.018036762352346376
0.09999999999999432;-0.4;-0.4;-0.017716210446996096
0.14999999999999147;-0.4;-0.4;-0.01739362436903636
0.14999999999999147;-0.4;-0.4;-0.01757895312428061
0.14999999999999147;-0.4;-0.4;-0.017758565273540344
0.14999999999999147;-0.4;-0.4;-0.01802251727823904
0.09999999999999432;1.5;-1.5;-0.034976087529566005
0.09999999999999432;1.5;-1.5;-0.07225249301037637
0.09999999999999432;1.5;-1.5;-0.13225752076668054
0.14999999999999147;1.5;-1.5;-0.2711178017175382
0.14999999999999147;1.5;-1.5;-0.40569445828546535
0.14999999999999147;1.5;-1.5;-0.5389342811177196
0.14999999999999147;1.5;-1.5;-0.6728574992374321
0.14999999999999147;1.4845;-1.4845;-0.8048407035751861
0.09999999999999432;1.4053;-1.4053;-0.8887207190553599
0.19999999999998863;1.355;-1.355;-1.049847734561222
0.09999999999999432;1.2583;-1.2583;-1.1247572059205353
0.14999999999999147;1.2134;-1.2134;-1.233503947101765
0.14999999999999147;1.1481;-1.1481;-1.3365111744087605
0.19999999999998863;1.0863;-1.0863;-1.4659277259193242
0.09999999999999432;1.0087;-1.0087;-1.5259847781687668
0.14999999999999147;0.9726;-0.9726;-1.6130934516042266
0.14999999999999147;0.9204;-0.9204;-1.6944777156035626
0.14999999999999147;0.8715;-0.8715;-1.772109740852789
0.09999999999999432;0.825;-0.825;-1.8216242094391157
0.14999999999999147;0.7953;-0.7953;-1.8926463416793617
0.19999999999998863;0.7526;-0.7526;-1.9826979530006548
0.14999999999999147;0.6986;-0.6986;-2.0452858120879096
0.09999999999999432;0.6611;-0.6611;-2.084493512218181
0.14999999999999147;0.6375;-0.6375;-2.1414987807630395
0.09999999999999432;0.6033;-0.6033;-2.1776382046798273
0.09999999999999432;0.5816;-0.5816;-2.2128536657751905
0.09999999999999432;0.5605;-0.5605;-2.24589830180528
0.09999999999999432;0.5407;-0.5407;-2.2780013674814477
0.09999999999999432;0.5214;-0.5214;-2.308954375237525
0.2499999999999858;0.5029;-0.5029;-2.3849537947527466
0.19999999999998863;0.4573;-0.4573;-2.4391629026946227
0.14999999999999147;0.4247;-0.4247;-2.4773601306103172
0.09999999999999432;0.4018;-0.4018;-2.5014314427967075
0.09999999999999432;0.3874;-0.3874;-2.524701566769484
0.14999999999999147;0.3734;-0.3734;-2.558181164834709
0.09999999999999432;0.3533;-0.3533;-2.578986609335738
0.14999999999999147;0.3408;-0.3408;-2.6096025924809565
0.14999999999999147;0.3225;-0.3225;-2.6384217229835256
0.14999999999999147;0.3052;-0.3052;-2.665403264556261
0.14999999999999147;0.289;-0.289;-2.6907393530287953
0.14999999999999147;0.2738;-0.2738;-2.7149585901737705
0.14999999999999147;0.2593;-0.2593;-2.738016106831358
0.09999999999999432;0.2454;-0.2454;-2.7528019994629704
0.09999999999999432;0.2366;-0.2366;-2.7670754960321142
0.2499999999999858;0.228;-0.228;-2.801508355379621
0.09999999999999432;0.2073;-0.2073;-2.8139375869725347
0.09999999999999432;0.1999;-0.1999;-2.825638985992679
0.14999999999999147;0.1928;-0.1928;-2.8426338481550433
0.09999999999999432;0.1827;-0.1827;-2.853376377070249
0.14999999999999147;0.1762;-0.1762;-2.8690695566029576
0.14999999999999147;0.1668;-0.1668;-2.8838188625095262
0.14999999999999147;0.1579;-0.1579;-2.8980490389133093
0.19999999999998863;0.1494;-0.1494;-2.916143379868135
0.14999999999999147;0.1385;-0.1385;-2.928604201448498
0.09999999999999432;0.1311;-0.1311;-2.936446582074188
0.19999999999998863;0.1264;-0.1264;-2.9517766938067265
0.19999999999998863;0.1172;-0.1172;-2.96553887733639
0.14999999999999147;0.1089;-0.1089;-2.975193712412251
0.14999999999999147;0.1031;-0.1031;-2.984299955297428
0.19999999999998863;0.1;-0.1;-2.996470237655474
0.14999999999999147;0.1;-0.1;-3.0054041647650207
0.09999999999999432;0.1;-0.1;-3.0113288472235733
0.09999999999999432;0.1;-0.1;-3.0172237351117293
0.14999999999999147;0.1;-0.1;-3.0260468598242163
0.14999999999999147;0.1;-0.1;-3.034791450561051
0.14999999999999147;0.1;-0.1;-3.043522905594328
0.09999999999999432;0.1;-0.1;-3.0490763160557997
0.2499999999999858;0.1;-0.1;-3.064316474763029
0.09999999999999432;0.1;-0.1;-3.0701008870003714
0.14999999999999147;0.1;-0.1;-3.078648299235994
0.09999999999999432;0.1;-0.1;-3.084459499464882
0.14999999999999147;0.1;-0.1;-3.0929444735584677
0.09999999999999432;0.1;-0.1;-3.0988189951667917
0.19999999999998863;0.1;-0.1;-3.1099924405574804
0.09999999999999432;0.1;-0.1;-3.1157075757167627
0.19999999999998863;0.1;-0.1;-3.1267900262282393
0.14999999999999147;0.1;-0.1;-3.135210198733271
0.14999999999999147;0.1;-0.1;-3.14350303227838
0.14999999999999147;0.0;0.0;-3.1435032339549913
0.09999999999999432;1.5355;1.4645;-3.147183139447375
0.14999999999999147;1.4987;1.5013;-3.1633767397485006
0.09999999999999432;1.3368;1.6632;-3.1550286013487905
0.19999999999998863;1.4202;1.5798;-3.140155892194711
0.14999999999999147;1.569;1.431;-3.1448030466319965
0.09999999999999432;1.5225;1.4775;-3.147017489406898
0.14999999999999147;1.5003;1.4997;-3.1479909395118013
0.09999999999999432;1.4906;1.5094;-3.1481116620569125
0.14999999999999147;1.4894;1.5106;-3.1483684902306583
0.19999999999998863;1.4868;1.5132;-3.148405164829883
0.19999999999998863;1.4865;1.5135;-3.148399077143167
0.14999999999999147;1.4865;1.5135;-3.1483842189961977
0.19999999999998863;1.4867;1.5133;-3.1483750086068696
0.09999999999999432;1.4868;1.5132;-3.1483846138050295
0.14999999999999147;1.4867;1.5133;-3.148383559616806
0.09999999999999432;1.4867;1.5133;-3.1483905528901976
0.14999999999999147;1.4866;1.5134;-3.1483681067099143
0.14999999999999147;1.4868;1.5132;-3.148383242795371
0.19999999999998863;1.4867;1.5133;-3.1484173023664836
0.09999999999999432;1.4863;1.5137;-3.1484188575738137
0.14999999999999147;1.4863;1.5137;-3.1484054538074653
0.14999999999999147;1.4865;1.5135;-3.1483972318225466
0.09999999999999432;1.4865;1.5135;-3.148404232074015
0.14999999999999147;1.4865;1.5135;-3.1484113865716035
0.09999999999999432;1.4864;1.5136;-3.148399544757425
0.09999999999999432;1.4865;1.5135;-3.148398838486522
0.14999999999999147;1.4865;1.5135;-3.1484224519523423
0.14999999999999147;1.4863;1.5137;-3.1483942246637353
0.09999999999999432;1.4866;1.5134;-3.148391929716168
0.14999999999999147;1.4866;1.5134;-3.1483836587749257
0.14999999999999147;1.4867;1.5133;-3.1483741545399826
0.14999999999999147;1.4868;1.5132;-3.1483793790694734
0.09999999999999432;1.4867;1.5133;-3.148384203623442
0.14999999999999147;1.4867;1.5133;-3.1483723095418923
0.14999999999999147;1.4868;1.5132;-3.1484013219971176
0.14999999999999147;1.4865;1.5135;-3.1483759729437613
0.14999999999999147;1.4868;1.5132;-3.14841171762933
0.09999999999999432;1.4864;1.5136;-3.1483988237553753
0.14999999999999147;1.4865;1.5135;-3.148385275546221
0.14999999999999147;1.4867;1.5133;-3.148401605972488
0.14999999999999147;1.4865;1.5135;-3.1484105828578364
0.19999999999998863;1.4865;1.5135;-3.145022956022526
0.09999999999999432;-0.4;-0.4;-3.145097691868252
0.14999999999999147;-0.4;-0.4;-3.146290153749544
0.14999999999999147;-0.4;-0.4;-3.1474795362497465
0.14999999999999147;-0.4;-0.4;-3.1486666897522064
0.19999999999998863;-0.4;-0.4;-3.1503341926167967
0.09999999999999432;-0.4;-0.4;-3.1511132278961393
0.2499999999999858;-0.4;-0.4;-3.152950693282809
0.09999999999999432;-0.4;-0.4;-3.1532904585764934
0.09999999999999432;-0.4;-0.4;-3.1525623146044612
0.09999999999999432;-0.4;-0.4;-3.151941919858134
0.14999999999999147;-0.4;-0.4;-3.1517827962708855
0.09999999999999432;-0.4;-0.4;-3.1519025974325157
0.14999999999999147;-0.4;-0.4;-3.1524800886709117
0.19999999999998863;-0.4;-0.4;-3.1528562718283624
0.14999999999999147;-0.4;-0.4;-3.1530445135235814
0.14999999999999147;-0.4;-0.4;-3.153147273500829
0.09999999999999432;-0.4;-0.4;-3.153188188762879
0.19999999999998863;-0.4;-0.4;-3.1523865252526497
0.09999999999999432;-0.4;-0.4;-3.1525515383002496
0.09999999999999432;0.4688;-0.4688;-3.1708149180070992
0.04999999999999716;0.4578;-0.4578;-3.184055319716006
0.19999999999998863;0.4499;-0.4499;-3.237443967226607
0.14999999999999147;0.4178;-0.4178;-3.2762445831174167
0.14999999999999147;0.3945;-0.3945;-3.3114624242041097
0.14999999999999147;0.3734;-0.3734;-3.344986540203494
0.14999999999999147;0.3533;-0.3533;-3.376677019279179
0.09999999999999432;0.3343;-0.3343;-3.397122869605114
0.14999999999999147;0.322;-0.322;-3.426459147027527
0.09999999999999432;0.3044;-0.3044;-3.444812876287874
0.19999999999998863;0.2934;-0.2934;-3.4800610645554473
0.09999999999999432;0.2722;-0.2722;-3.496365546108692
0.09999999999999432;0.2625;-0.2625;-3.5117326897147736
0.14999999999999147;0.2532;-0.2532;-3.5344790907392207
0.09999999999999432;0.2396;-0.2396;-3.548852695043677
0.09999999999999432;0.231;-0.231;-3.5627854751860246
0.09999999999999432;0.2226;-0.2226;-3.5761277028425424
0.14999999999999147;0.2146;-0.2146;-3.595346757333204
0.19999999999998863;0.2031;-0.2031;-3.619130088097742
0.14999999999999147;0.1888;-0.1888;-3.6362561920878624
0.09999999999999432;0.1785;-0.1785;-3.64684390568525
0.09999999999999432;0.1722;-0.1722;-3.6571401382652344
0.09999999999999432;0.166;-0.166;-3.6671590851531772
0.09999999999999432;0.16;-0.16;-3.6769030749882106
0.09999999999999432;0.1541;-0.1541;-3.6859544893233362
0.14999999999999147;0.1487;-0.1487;-3.699295724691737
0.2499999999999858;0.1407;-0.1407;-3.719839035061089
0.09999999999999432;0.1284;-0.1284;-3.7273343311488616
0.14999999999999147;0.1239;-0.1239;-3.738066427735362
0.14999999999999147;0.1174;-0.1174;-3.7486306439407433
0.14999999999999147;0.1111;-0.1111;-3.7585675405750796
0.14999999999999147;0.1051;-0.1051;-3.7678389920201734
0.09999999999999432;0.1;-0.1;-3.773691050998451
0.09999999999999432;0.1;-0.1;-3.779615710382849
0.2499999999999858;0.1;-0.1;-3.7945150653450552
0.09999999999999432;0.1;-0.1;-3.800469541199168
0.14999999999999147;0.1;-0.1;-3.809426275926476
0.09999999999999432;0.1;-0.1;-3.8152903802133102
0.14999999999999147;0.1;-0.1;-3.824249569633362
0.09999999999999432;0.1;-0.1;-3.830205698873723
0.09999999999999432;0.1;-0.1;-3.836090618193467
0.09999999999999432;0.1;-0.1;-3.841959371038202
0.19999999999998863;0.1;-0.1;-3.8538666003375077
0.09999999999999432;0.1;-0.1;-3.8598778156722293
0.14999999999999147;0.1;-0.1;-3.868682015677852
0.14999999999999147;0.1;-0.1;-3.877697904044665
0.09999999999999432;0.1;-0.1;-3.883708492206919
0.09999999999999432;0.1;-0.1;-3.8897190836640743
0.14999999999999147;0.1;-0.1;-3.8987349790904275
0.09999999999999432;0.1;-0.1;-3.904745588042853
0.2499999999999858;0.1;-0.1;-3.919816528515685
0.09999999999999432;0.1;-0.1;-3.925800535674797
0.14999999999999147;0.1;-0.1;-3.93500861705769
0.14999999999999147;0.0;0.0;-3.9350050870789164
0.14999999999999147;0.5184;0.9425;-3.9352816482392368
0.09999999999999432;0.5185;0.9426;-3.922820060446524
0.14999999999999147;0.5143;0.9352;-3.9028185281080225
0.09999999999999432;0.5077;0.9232;-3.8899813168944712
0.09999999999999432;0.5035;0.9155;-3.8771115287863624
0.19999999999998863;0.4993;0.9077;-3.8521587060524425
0.14999999999999147;0.491;0.8928;-3.834025861151926
0.09999999999999432;0.485;0.8819;-3.822166651771468
0.14999999999999147;0.4811;0.8748;-3.8041469817333065
0.09999999999999432;0.4752;0.864;-3.7928484468260164
0.09999999999999432;0.4714;0.8572;-3.7816398073543533
0.14999999999999147;0.4678;0.8505;-3.7649916075794985
0.09999999999999432;0.4623;0.8405;-3.753653319397547
0.2499999999999858;0.4585;0.8337;-3.726094842742837
0.14999999999999147;0.4494;0.8171;-3.7097392951111012
0.09999999999999432;0.444;0.8073;-3.6990138863966155
0.09999999999999432;0.4405;0.8009;-3.6881029966118284
0.14999999999999147;0.4369;0.7943;-3.672325875861242
0.14999999999999147;0.4317;0.7849;-3.656467790818118
0.09999999999999432;0.4264;0.7754;-3.6460140931416753
0.09999999999999432;0.423;0.7691;-3.635761940842681
0.09999999999999432;0.4196;0.7629;-3.625941444460359
0.19999999999998863;0.4164;0.757;-3.605666155322935
0.09999999999999432;0.4097;0.7449;-3.595827922693732
0.09999999999999432;0.4064;0.739;-3.586006787033595
0.09999999999999432;0.4032;0.7331;-3.576376431253173
0.14999999999999147;0.4;0.7273;-3.562068345461924
0.09999999999999432;0.3953;0.7187;-3.552565172004135
0.14999999999999147;0.3922;0.713;-3.538415627826176
0.14999999999999147;0.3875;0.7045;-3.524657713027622
0.2499999999999858;0.3829;0.6963;-3.5030149751014608
0.14999999999999147;0.3758;0.6833;-3.4904676324329276
0.09999999999999432;0.3717;0.6758;-3.4817968816973175
0.14999999999999147;0.3688;0.6706;-3.468590994239027
0.14999999999999147;0.3644;0.6626;-3.4555956725054346
0.09999999999999432;0.3602;0.6548;-3.4470705897008194
0.09999999999999432;0.3573;0.6497;-3.438392602399336
0.14999999999999147;0.3545;0.6445;-3.42544053687537
0.14999999999999147;0.3502;0.6367;-3.413047251513277
0.19999999999998863;0.3461;0.6293;-3.396378527749236
0.09999999999999432;0.3406;0.6193;-3.387709294088701
0.14999999999999147;0.3378;0.6141;-3.3754425597353404
0.14999999999999147;0.3337;0.6067;-3.362778101760862
0.14999999999999147;0.3295;0.5991;-3.350250225362094
0.09999999999999432;0.3254;0.5916;-3.3418353032587342
0.2499999999999858;0.3226;0.5866;-3.3217824052466765
0.2499999999999858;0.316;0.5745;-3.3023574536752687
0.14999999999999147;0.3096;0.5629;-3.2911524144734625
0.09999999999999432;0.3059;0.5562;-3.283647085094104
0.09999999999999432;0.3034;0.5517;-3.2761791515015513
0.09999999999999432;0.3009;0.5472;-3.268677334489452
0.09999999999999432;0.2985;0.5427;-3.2612360836923266
0.14999999999999147;0.296;0.5382;-3.250182238579318
0.14999999999999147;0.2924;0.5316;-3.2391119032317985
0.14999999999999147;0.2887;0.5249;-3.2282074177898026
0.14999999999999147;0.2851;0.5184;-3.2172696504026765
0.14999999999999147;0.2815;0.5118;-3.2065662147256364
0.14999999999999147;0.278;0.5054;-3.1960420436649164
0.14999999999999147;0.2745;0.4991;-3.18573271765704
0.14999999999999147;0.2711;0.4929;-3.175456689967304
0.19999999999998863;0.2677;0.4867;-3.1619863897920126
0.19999999999998863;0.2633;0.4787;-3.149147016637668
0.14999999999999147;0.259;0.471;-3.1401270032991957
0.09999999999999432;0.2561;0.4655;-3.1341333008581858
0.14999999999999147;0.2541;0.462;-3.1249601983068716
0.19999999999998863;0.251;0.4564;-3.111973422121449
0.09999999999999432;0.2468;0.4487;-3.1056166435022727
0.19999999999998863;0.2447;0.4448;-3.0948022395562664
0.09999999999999432;0.2411;0.4384;-3.0894079488193613
0.19999999999998863;0.2393;0.4351;-3.0789509864053253
0.09999999999999432;0.2359;0.4288;-3.073775737708894
0.14999999999999147;0.2342;0.4257;-3.0661215467406486
0.09999999999999432;0.2316;0.4211;-3.0610236619221376
0.09999999999999432;0.2299;0.4181;-3.055937728226227
0.14999999999999147;0.2283;0.415;-3.048296537301511
0.09999999999999432;0.2257;0.4105;-3.043158946780045
0.19999999999998863;0.2241;0.4074;-3.032964343815555
0.09999999999999432;0.2207;0.4013;-3.0279885536335245
0.14999999999999147;0.219;0.3983;-3.0204181031700736
0.14999999999999147;0.2165;0.3937;-3.0129186971966297
0.09999999999999432;0.2141;0.3892;-3.0079332904972165
0.09999999999999432;0.2124;0.3862;-3.0024150239817073
0.14999999999999147;0.2106;0.3829;-2.9940977114707468
0.14999999999999147;0.2079;0.3779;-2.9869445671998984
0.09999999999999432;0.2055;0.3736;-2.9820104526816995
0.19999999999998863;0.2039;0.3707;-2.972465699734301
0.09999999999999432;0.2007;0.365;-2.968092520912861
0.14999999999999147;0.1993;0.3623;-2.9605278927244147
0.09999999999999432;0.1968;0.3578;-2.9553746273326316
0.14999999999999147;0.1951;0.3547;-2.9484363847391815
0.14999999999999147;0.1928;0.3505;-2.941565115965071
0.09999999999999432;0.1905;0.3464;-2.936918801658809
0.09999999999999432;0.189;0.3436;-2.9321458930634807
0.14999999999999147;0.1874;0.3408;-2.9247499260485217
0.14999999999999147;0.185;0.3363;-2.917241406774332
0.09999999999999432;0.1825;0.3318;-2.9123755812559566
0.09999999999999432;0.1809;0.3289;-2.90733908572075
0.14999999999999147;0.1792;0.3259;-2.9000679076640683
0.09999999999999432;0.1768;0.3215;-2.8955287417096156
0.14999999999999147;0.1753;0.3188;-2.888992628053727
0.14999999999999147;0.1732;0.3149;-2.8826709400394215
0.09999999999999432;0.1711;0.3111;-2.878720279620175
0.19999999999998863;0.1698;0.3087;-2.8709619711077563
0.09999999999999432;0.1672;0.304;-2.8670691748496715
0.09999999999999432;0.1659;0.3017;-2.863480025776139
0.09999999999999432;0.1648;0.2996;-2.8599909652310265
0.14999999999999147;0.1636;0.2975;-2.854641722039578
0.09999999999999432;0.1618;0.2943;-2.851033147426124
0.09999999999999432;0.1607;0.2921;-2.847509415985676
0.09999999999999432;0.1595;0.29;-2.844284872706551
0.19999999999998863;0.1584;0.288;-2.837589936276901
0.14999999999999147;0.1562;0.284;-2.832420649156564
0.09999999999999432;0.1545;0.2809;-2.8290056925764584
0.09999999999999432;0.1534;0.2789;-2.8255387186437253
0.09999999999999432;0.1522;0.2768;-2.8217917983406653
0.09999999999999432;0.151;0.2745;-2.817850613681354
0.19999999999998863;0.1497;0.2722;-2.8096722827189256
0.09999999999999432;0.147;0.2673;-2.805516262456499
0.09999999999999432;0.1456;0.2648;-2.8013598851188073
0.2499999999999858;0.1443;0.2623;-2.791080912418872
0.09999999999999432;0.1409;0.2561;-2.787029700290237
0.14999999999999147;0.1395;0.2537;-2.781383202647663
0.14999999999999147;0.1377;0.2503;-2.7761795013653323
0.14999999999999147;0.1359;0.2472;-2.7713825142982285
0.09999999999999432;0.1344;0.2443;-2.7679708361559068
0.09999999999999432;0.1332;0.2423;-2.7650272845288235
0.14999999999999147;0.1323;0.2405;-2.7604562774413672
0.19999999999998863;0.1308;0.2377;-2.7550687850063733
0.09999999999999432;0.129;0.2345;-2.7526457672261055
0.14999999999999147;0.1282;0.2331;-2.7489322474216795
0.09999999999999432;0.127;0.2308;-2.746419753189518
0.19999999999998863;0.1261;0.2293;-2.741047697905792
0.09999999999999432;0.1244;0.2261;-2.738508448845097
0.14999999999999147;0.1235;0.2246;-2.7348365502228735
0.2499999999999858;0.1223;0.2224;-2.7297756457364497
0.14999999999999147;0.1206;0.2193;-2.726520870488114
0.14999999999999147;0.1196;0.2174;-2.7231578438918502
0.14999999999999147;0.1185;0.2154;-2.7197551520746965
0.09999999999999432;0.1173;0.2133;-2.7174355048605263
0.14999999999999147;0.1166;0.2119;-2.7138523824786227
0.14999999999999147;0.1154;0.2098;-2.710234386538101
0.09999999999999432;0.1142;0.2076;-2.707925249138016
0.19999999999998863;0.1134;0.2062;-2.7035392799522757
0.14999999999999147;0.112;0.2036;-2.700316092844495
0.14999999999999147;0.1109;0.2017;-2.6970289792638433
0.14999999999999147;0.1098;0.1997;-2.693735190695262
0.09999999999999432;0.1087;0.1977;-2.6914954825484507
0.09999999999999432;0.108;0.1964;-2.6892409778385655
0.10000000000002274;0.1073;0.195;-2.686971183676322
0.1500000000000341;0.1065;0.1937;-2.6835299014489684
0.10000000000002274;0.1054;0.1916;-2.6811999461589155
0.1500000000000341;0.1046;0.1902;-2.677629064018486
0.1500000000000341;0.1034;0.1881;-2.6739625692378026
0.1500000000000341;0.1022;0.1859;-2.6701922578384147
0.10000000000002274;0.101;0.1836;-2.667623972981562
0.1500000000000341;0.1001;0.182;-2.6636607325187147
0.10000000000002274;0.0988;0.1797;-2.661019156492101
0.25000000000005684;0.0979;0.1781;-2.6543847360811865
0.1500000000000341;0.0958;0.1741;-2.6505136934229547
0.10000000000002274;0.0945;0.1718;-2.647933538571993
0.1500000000000341;0.0936;0.1702;-2.64411362946755
0.1500000000000341;0.0924;0.1679;-2.640385750844756
0.1500000000000341;0.0911;0.1657;-2.6366577240177196
0.1500000000000341;0.0899;0.1635;-2.632975937731836
0.20000000000004547;0.0887;0.1613;-2.6281006073903077
0.20000000000004547;0.0871;0.1583;-2.62329571086474
0.10000000000002274;0.0855;0.1555;-2.620914247600194
0.1500000000000341;0.0847;0.154;-2.617341265070111
0.1500000000000341;0.0835;0.1519;-2.613849203339466
0.20000000000004547;0.0824;0.1498;-2.6091932859484244
0.1500000000000341;0.0808;0.147;-2.605787108311313
0.1500000000000341;0.0797;0.1449;-2.602384159537423
0.20000000000004547;0.0786;0.1429;-2.5980543280392987
0.1500000000000341;0.0772;0.1403;-2.594800989777809
0.10000000000002274;0.0761;0.1384;-2.5926238687885395
0.1500000000000341;0.0754;0.137;-2.5893160108039024
0.1500000000000341;0.0743;0.1351;-2.585930424508954
0.1500000000000341;0.0732;0.133;-2.5825976183700585
0.1500000000000341;0.0721;0.131;-2.5792776450279735
0.1500000000000341;0.071;0.129;-2.5760129082103336
0.25000000000005684;0.0699;0.1271;-2.5705994200333016
0.10000000000002274;0.0681;0.1238;-2.568508613538734
0.10000000000002274;0.0674;0.1226;-2.566419540925419
0.10000000000002274;0.0667;0.1213;-2.564331698963851
0.20000000000004547;0.066;0.1201;-2.560195116475396
0.1500000000000341;0.0647;0.1176;-2.5571749331209817
0.20000000000004547;0.0637;0.1158;-2.5531512764888773
0.1500000000000341;0.0623;0.1134;-2.5503166753130952
0.20000000000004547;0.0614;0.1117;-2.5470504881838614
0.10000000000002274;0.0603;0.1097;-2.5456788807021034
0.1500000000000341;0.0599;0.1089;-2.543819605940465
0.1500000000000341;0.0593;0.1078;-2.5420100211217878
0.1500000000000341;0.0587;0.1067;-2.5402245698696113
0.1500000000000341;0.0581;0.1056;-2.5384742894720316
0.20000000000004547;0.0575;0.1046;-2.5360568393482232
0.1500000000000341;0.0567;0.1031;-2.534268363678386
0.25000000000005684;0.0561;0.102;-2.53123325262032
0.10000000000002274;0.0551;0.1002;-2.530132101780282
0.10000000000002274;0.055;0.1;-2.529045966314693
0.20000000000004547;0.055;0.1;-2.5268977505222088
0.10000000000002274;0.055;0.1;-2.52575745372912
0.1500000000000341;0.055;0.1;-2.5240772532719697
0.10000000000002274;0.055;0.1;-2.5230790654406854
0.20000000000004547;0.055;0.1;-2.5217995217552067
0.1500000000000341;0.055;0.1;-2.5209627536875585
0.10000000000002274;0.055;0.1;-2.5203228219759466
0.1500000000000341;0.055;0.1;-2.519286408395484
0.10000000000002274;0.055;0.1;-2.518632737883312
0.20000000000004547;0.055;0.1;-2.5174153139369078
0.1500000000000341;0.055;0.1;-2.5164508706589395
0.20000000000004547;0.055;0.1;-2.5150763518309693
0.10000000000002274;0.055;0.1;-2.51420491770132
0.20000000000004547;0.055;0.1;-2.51235048297864
0.10000000000002274;0.055;0.1;-2.5113766385225156
0.1500000000000341;0.055;0.1;-2.50980394034105
0.1500000000000341;0.055;0.1;-2.5081555198650434
0.10000000000002274;0.055;0.1;-2.5069899403577636
0.1500000000000341;0.055;0.1;-2.5051679696117817
0.10000000000002274;0.055;0.1;-2.503966028732737
0.10000000000002274;0.055;0.1;-2.502715323607727
0.25000000000005684;0.055;0.1;-2.497972163805239
0.10000000000002274;0.055;0.1;-2.4960983204814307
0.1500000000000341;0.055;0.1;-2.4932208883698177
0.10000000000002274;0.055;0.1;-2.491310711685579
0.10000000000002274;0.055;0.1;-2.489421086778401
0.1500000000000341;0.055;0.1;-2.4865594522417878
0.1500000000000341;0.055;0.1;-2.4837681189253047
0.10000000000002274;0.055;0.1;-2.481873409465156
0.20000000000004547;0.055;0.1;-2.478095543191447
0.10000000000002274;0.055;0.1;-2.476207499322388
0.1500000000000341;0.055;0.1;-2.473277267207044
0.20000000000004547;0.055;0.1;-2.4698140251209777
0.10000000000002274;0.055;0.1;-2.4679001952358464
0.10000000000002274;0.055;0.1;-2.466090539519022
0.1500000000000341;0.055;0.1;-2.463311828051348
0.10000000000002274;0.055;0.1;-2.46145615248062
0.25000000000005684;0.055;0.1;-2.456790791942291
0.10000000000002274;0.055;0.1;-2.4549203337543637
0.10000000000002274;0.055;0.1;-2.453045140164383
0.10000000000002274;0.055;0.1;-2.451165355214642
0.20000000000004547;0.055;0.1;-2.4473850512212643
0.10000000000002274;0.055;0.1;-2.445487799449773
0.10000000000002274;0.055;0.1;-2.4435876425811243
0.10000000000002274;0.055;0.1;-2.4416758440824036
0.20000000000004547;0.055;0.1;-2.437829074609091
0.1500000000000341;0.055;0.1;-2.4349418137353935
0.10000000000002274;0.055;0.1;-2.433000030504209
0.10000000000002274;0.055;0.1;-2.4310497224975833
0.1500000000000341;0.055;0.1;-2.4281068460356874
0.1500000000000341;0.055;0.1;-2.425147101787486
0.1500000000000341;0.055;0.1;-2.4221679595759613
0.10000000000002274;0.055;0.1;-2.42016026144223
0.1500000000000341;0.055;0.1;-2.4176219180508554
0.1500000000000341;0.055;0.1;-2.4148168561805656
0.10000000000002274;0.055;0.1;-2.4129186435431778
0.10000000000002274;0.055;0.1;-2.4110019842525965
0.1500000000000341;0.055;0.1;-2.408133487663287
0.1500000000000341;0.055;0.1;-2.405260676563382
0.10000000000002274;0.055;0.1;-2.4033457993612384
0.1500000000000341;0.055;0.1;-2.400474132206456
0.20000000000004547;0.055;0.1;-2.3966508749859847
0.1500000000000341;0.055;0.1;-2.3937802494702356
0.10000000000002274;0.055;0.1;-2.391829876611436
0.10000000000002274;0.055;0.1;-2.3899637358028674
0.20000000000004547;0.055;0.1;-2.386235781230227
0.10000000000002274;0.055;0.1;-2.384400214576454
0.10000000000002274;0.055;0.1;-2.3826941837463425
0.20000000000004547;0.055;0.1;-2.3790973956614887
0.20000000000004547;0.055;0.1;-2.375260843696329
0.1500000000000341;0.055;0.1;-2.3728288206949846
0.1500000000000341;0.055;0.1;-2.3699601462733244
0.10000000000002274;0.055;0.1;-2.368229266540706
0.1500000000000341;0.0;0.0;-2.3685040858061286
0.1500000000000341;0.4711;-0.4711;-2.39407436136477
0.1500000000000341;0.4557;-0.4557;-2.4312181131395745
0.20000000000004547;0.4334;-0.4334;-2.479600905489779
0.10000000000002274;0.4044;-0.4044;-2.5023428083876467
0.1500000000000341;0.3908;-0.3908;-2.5357575296121917
0.10000000000002274;0.3707;-0.3707;-2.5567444167078466
0.1500000000000341;0.3581;-0.3581;-2.5871801680573103
0.10000000000002274;0.3399;-0.3399;-2.606427898036912
0.1500000000000341;0.3283;-0.3283;-2.6345753483383025
0.10000000000002274;0.3114;-0.3114;-2.6522769305809613
0.1500000000000341;0.3008;-0.3008;-2.6779402615453054
0.1500000000000341;0.2854;-0.2854;-2.7020767166955477
0.10000000000002274;0.2709;-0.2709;-2.717347124946598
0.10000000000002274;0.2618;-0.2618;-2.7322622878659786
0.1500000000000341;0.2528;-0.2528;-2.7538344232748253
0.10000000000002274;0.2399;-0.2399;-2.767788408742065
0.1500000000000341;0.2315;-0.2315;-2.7880104084720454
0.1500000000000341;0.2194;-0.2194;-2.8069096579822803
0.20000000000004547;0.208;-0.208;-2.8307471918883422
0.10000000000002274;0.1937;-0.1937;-2.8418009067074803
0.10000000000002274;0.1871;-0.1871;-2.8524566250917585
0.10000000000002274;0.1807;-0.1807;-2.862683467064868
0.10000000000002274;0.1746;-0.1746;-2.8724841037125906
0.1500000000000341;0.1687;-0.1687;-2.8866476367611784
0.1500000000000341;0.1602;-0.1602;-2.9008267174659506
0.10000000000002274;0.1517;-0.1517;-2.9100801402592076
0.10000000000002274;0.1461;-0.1461;-2.918550640801329
0.1500000000000341;0.141;-0.141;-2.931513531364044
0.1500000000000341;0.1333;-0.1333;-2.9434359424254954
0.1500000000000341;0.1261;-0.1261;-2.9540474645685717
0.1500000000000341;0.1197;-0.1197;-2.964739024946323
0.1500000000000341;0.1133;-0.1133;-2.9745802141998086
0.1500000000000341;0.1074;-0.1074;-2.9842997895959007
0.10000000000002274;0.1016;-0.1016;-2.9900089102882412
0.1500000000000341;0.1;-0.1;-2.998831059271877
0.1500000000000341;0.1;-0.1;-3.007262526984476
0.10000000000002274;0.1;-0.1;-3.013197501999533
0.1500000000000341;0.1;-0.1;-3.0219552354588903
0.1500000000000341;0.1;-0.1;-3.0305958188478215
0.20000000000004547;0.1;-0.1;-3.042782965986196
0.1500000000000341;0.1;-0.1;-3.0520289142974093
0.1500000000000341;0.1;-0.1;-3.0605957823951218
0.1500000000000341;0.1;-0.1;-3.0693124716527693
0.1500000000000341;0.1;-0.1;-3.0780353564234053
0.10000000000002274;0.1;-0.1;-3.0837322174059194
0.1500000000000341;0.1;-0.1;-3.0925575622888015
0.10000000000002274;0.1;-0.1;-3.098432886391283
0.1500000000000341;0.1;-0.1;-3.1069886399292987
0.1500000000000341;0.1;-0.1;-3.1157770038867905
0.1500000000000341;0.1;-0.1;-3.1245257122488055
0.20000000000004547;0.1;-0.1;-3.135901268185981
0.1500000000000341;0.1;-0.1;-3.1446709102472816
0.10000000000002274;0.1;-0.1;-3.150513431521373
0.1500000000000341;0.0;0.0;-3.1505134728864785
0.20000000000004547;1.5;1.5;-3.1588171336263895
0.10000000000002274;1.417;1.583;-3.1666915463661476
0.1500000000000341;1.3382;1.6618;-3.151155221905759
0.20000000000004547;1.4936;1.5064;-3.1419619188756154
0.1500000000000341;1.5855;1.4145;-3.149918275549317
0.1500000000000341;1.506;1.494;-3.151126538419991
0.10000000000002274;1.4939;1.5061;-3.1504890863820054
0.1500000000000341;1.5002;1.4998;-3.149997438151484
0.1500000000000341;1.5052;1.4948;-3.149595887738545
0.10000000000002274;1.5092;1.4908;-3.1495620625533998
0.1500000000000341;1.5095;1.4905;-3.1503396765546086
0.20000000000004547;1.5017;1.4983;-3.151803333805307
0.10000000000002274;1.4871;1.5129;-3.1509199313597516
0.1500000000000341;1.4959;1.5041;-3.1497656991004157
0.1500000000000341;1.5075;1.4925;-3.1501140943747536
0.10000000000002274;1.504;1.496;-3.1509921527531093
0.1500000000000341;1.4952;1.5048;-3.1515296876664376
0.1500000000000341;1.4898;1.5102;-3.15098398520144
0.1500000000000341;1.4953;1.5047;-3.151581347841058
0.20000000000004547;1.4893;1.5107;-3.1513577826414902
0.1500000000000341;1.4916;1.5084;-3.14985719951023
0.1500000000000341;1.5066;1.4934;-3.150449722785528
0.10000000000002274;1.5006;1.4994;-3.150717896502484
0.1500000000000341;1.498;1.502;-3.151714998630721
0.1500000000000341;1.488;1.512;-3.1503160355061506
0.1500000000000341;1.502;1.498;-3.1507218289461156
0.20000000000004547;1.4979;1.5021;-3.152100446230737
0.1500000000000341;1.4841;1.5159;-3.1514166435643287
0.1500000000000341;1.491;1.509;-3.1517906084386507
0.10000000000002274;1.4872;1.5128;-3.1518396488912024
0.1500000000000341;1.4867;1.5133;-3.151869406332073
0.1500000000000341;1.4864;1.5136;-3.1518447979457873
0.1500000000000341;1.4867;1.5133;-3.1518429435167845
0.25000000000005684;1.4867;1.5133;-3.1519212664052
0.10000000000002274;1.4859;1.5141;-3.151878459454633
0.10000000000002274;1.4863;1.5137;-3.151815870792847
0.1500000000000341;1.487;1.513;-3.1518446749514877
0.1500000000000341;1.4867;1.5133;-3.151850324039926
0.10000000000002274;1.4866;1.5134;-3.1514224244638984
0.1500000000000341;1.4909;1.5091;-3.151499447007124
0.10000000000002274;1.4901;1.5099;-3.151669890018408
0.20000000000004547;1.4884;1.5116;-3.1509645628322365
0.10000000000002274;1.4955;1.5045;-3.151149697858504
0.10000000000002274;1.4955;1.5045;-3.1515323192396263
0.10000000000002274;-0.4;-0.4;-3.1515417169326043
0.1500000000000341;-0.4;-0.4;-3.1511922902199467
0.1500000000000341;-0.4;-0.4;-3.151699416960275
0.1500000000000341;-0.4;-0.4;-3.1512395456863476
0.10000000000002274;-0.4;-0.4;-3.151216684191822
0.20000000000004547;-0.4;-0.4;-3.1508492432130693
0.10000000000002274;-0.4;-0.4;-3.150224771050909
0.10000000000002274;-0.4;-0.4;-3.149585942468543
0.10000000000002274;-0.4;-0.4;-3.149635814217119
0.10000000000002274;-0.4;-0.4;-3.1501699751410515
0.10000000000002274;-0.4;-0.4;-3.1506779172417376
0.10000000000002274;-0.4;-0.4;-3.150705001661652
0.10000000000002274;-0.4;-0.4;-3.1504629228261893
0.20000000000004547;-0.4;-0.4;-3.150465638372646
0.10000000000002274;-0.4;-0.4;-3.1505799471392946
0.10000000000002274;-0.4;-0.4;-3.1510692158356255
0.10000000000002274;-0.4;-0.4;-3.150987969053036
0.10000000000002274;-0.4;-0.4;-3.150356027686399
0.1500000000000341;-0.4;-0.4;-3.14976033983928
0.1500000000000341;-0.4;-0.4;-3.1500501722102063
0.1500000000000341;-0.4;-0.4;-3.1505081341093497
0.25000000000005684;-0.4;-0.4;-3.1510172557327123
0.1500000000000341;-0.4;-0.4;-3.150599066045666
0.10000000000002274;-0.4;-0.4;-3.1500364212720346
0.1500000000000341;-0.4;-0.4;-3.149596240590444
0.10000000000002274;-0.4;-0.4;-3.149788379788283
0.1500000000000341;-0.4;-0.4;-3.150179887849501
0.10000000000002274;-0.4;-0.4;-3.150527962832663
0.1500000000000341;-0.4;-0.4;-3.151237884260039
0.20000000000004547;-0.4;-0.4;-3.1528390872420182
0.1500000000000341;-0.4;-0.4;-3.1540114503300702
0.1500000000000341;-0.4;-0.4;-3.1539758823373547
0.10000000000002274;-0.4;-0.4;-3.154046025661053
0.10000000000002274;-0.4;-0.4;-3.154714040297403
0.10000000000002274;-0.4;-0.4;-3.1554994509581276
0.10000000000002274;-0.4;-0.4;-3.156281408275335
0.20000000000004547;-0.4;-0.4;-3.157782458806189
0.10000000000002274;-0.4;-0.4;-3.1585075268356713
0.10000000000002274;-0.4;-0.4;-3.1591988971322396
0.1500000000000341;-0.4;-0.4;-3.1601691800922875
0.10000000000002274;-0.4;-0.4;-3.160755628662166
0.10000000000002274;-0.4;-0.4;-3.1612840892077365
0.10000000000002274;-0.4;-0.4;-3.161714491909457
0.10000000000002274;-0.4;-0.4;-3.1613096031288284
0.1500000000000341;-0.4;-0.4;-3.1610972677368467
0.1500000000000341;-0.4;-0.4;-3.160584706488878
0.10000000000002274;-0.4;-0.4;-3.1601257858257945
0.10000000000002274;-0.4;-0.4;-3.1598293731194027
0.1500000000000341;-0.4;-0.4;-3.1595161057908077
0.20000000000004547;-0.4;-0.4;-3.158890556279286
0.10000000000002274;-0.4;-0.4;-3.158442469539242
0.20000000000004547;-0.4;-0.4;-3.157355981178312
0.1500000000000341;-0.4;-0.4;-3.156556512043314
0.10000000000002274;-0.4;-0.4;-3.1558457598512613
0.10000000000002274;-0.4;-0.4;-3.1552480437731827
0.10000000000002274;-0.4;-0.4;-3.154644746371817
0.10000000000002274;-0.4;-0.4;-3.15395955895307
0.1500000000000341;-0.4;-0.4;-3.152933764585202
0.1500000000000341;-0.4;-0.4;-3.151767032795355
0.10000000000002274;-0.4;-0.4;-3.151024807066106
0.25000000000005684;-0.4;-0.4;-3.1491971362960594
0.10000000000002274;1.5;-0.375;-3.159266185485157
0.10000000000002274;1.5;-0.375;-3.18277861428432
0.10000000000002274;1.5;-0.375;-3.2180406997944755
0.1500000000000341;1.5;-0.375;-3.2964965659594063
0.10000000000002274;1.5;-0.375;-3.347760479879087
0.1500000000000341;1.5;-0.375;-3.4287279877301646
0.10000000000002274;1.5;-0.375;-3.4831961657391224
0.20000000000004547;1.5;-0.375;-3.5920563745904497
0.10000000000002274;1.5;-0.375;-3.647573901157555
0.10000000000002274;1.5;-0.375;-3.704723291608162
0.1500000000000341;1.5;-0.375;-3.7887615995180446
0.10000000000002274;1.5;-0.375;-3.845175875423431
0.1500000000000341;1.4685;-0.3671;-3.927725777458437
0.10000000000002274;1.419;-0.3548;-3.98052415812418
0.1500000000000341;1.3873;-0.3468;-4.059197230791806
0.1500000000000341;1.3401;-0.335;-4.135427822607367
0.1500000000000341;1.2944;-0.3236;-4.208054442930552
0.1500000000000341;1.2508;-0.3127;-4.278987035623079
0.10000000000002274;1.2083;-0.3021;-4.324461641083518
0.1500000000000341;1.181;-0.2952;-4.393888980968626
0.10000000000002274;1.1393;-0.2848;-4.436188690015255
0.1500000000000341;1.1139;-0.2785;-4.498326783773317
0.1500000000000341;1.0766;-0.2692;-4.559014743029308
0.1500000000000341;1.0402;-0.2601;-4.616827595982476
0.10000000000002274;1.0055;-0.2514;-4.654102368159559
0.10000000000002274;0.9832;-0.2458;-4.691523012849721
0.1500000000000341;0.9607;-0.2402;-4.747672743357524
0.10000000000002274;0.927;-0.2318;-4.78237915978765
0.1500000000000341;0.9062;-0.2266;-4.834034127110731
0.20000000000004547;0.8752;-0.2188;-4.900110615650254
0.25000000000005684;0.8356;-0.2089;-4.978245592803109
0.1500000000000341;0.7887;-0.1972;-5.022827877566886
0.10000000000002274;0.7619;-0.1905;-5.051346480248852
0.1500000000000341;0.7448;-0.1862;-5.09383605695641
0.1500000000000341;0.7193;-0.1798;-5.1342883796372405
0.10000000000002274;0.6951;-0.1738;-5.1604189958952436
0.1500000000000341;0.6794;-0.1698;-5.198792344018106
0.10000000000002274;0.6564;-0.1641;-5.2232824435608745
0.1500000000000341;0.6417;-0.1604;-5.259656548521938
0.1500000000000341;0.6199;-0.155;-5.294937977380371
0.1500000000000341;0.5987;-0.1497;-5.328771458225287
0.10000000000002274;0.5784;-0.1446;-5.350564857071626
0.1500000000000341;0.5653;-0.1413;-5.38272774389214
0.1500000000000341;0.546;-0.1365;-5.414170761090733
0.10000000000002274;0.5271;-0.1318;-5.434406302057242
0.20000000000004547;0.515;-0.1288;-5.474634821994705
0.20000000000004547;0.4909;-0.1227;-5.512753289268075
0.10000000000002274;0.468;-0.117;-5.531027435369524
0.1500000000000341;0.457;-0.1143;-5.557697773848036
0.20000000000004547;0.441;-0.1103;-5.592261546176562
0.1500000000000341;0.4203;-0.1051;-5.617000101039813
0.10000000000002274;0.4054;-0.1014;-5.6327207446030325
0.20000000000004547;0.396;-0.099;-5.663709604188108
0.20000000000004547;0.3774;-0.0944;-5.692897257278766
0.20000000000004547;0.3599;-0.09;-5.72085775352051
0.10000000000002274;0.3431;-0.0858;-5.73414827100498
0.1500000000000341;0.3352;-0.0838;-5.753457893108204
0.1500000000000341;0.3236;-0.0809;-5.772062963493598
0.20000000000004547;0.3124;-0.0781;-5.795641885543541
0.1500000000000341;0.2983;-0.0746;-5.812586129709587
0.20000000000004547;0.2881;-0.072;-5.834493186206098
0.1500000000000341;0.2749;-0.0687;-5.850157113788025
0.20000000000004547;0.2656;-0.0664;-5.870497148055499
0.1500000000000341;0.2533;-0.0633;-5.884357178637955
0.1500000000000341;0.245;-0.0613;-5.898444010440614
0.1500000000000341;0.2366;-0.0591;-5.911672297211732
0.1500000000000341;0.2286;-0.0572;-5.924120170788492
0.20000000000004547;0.2212;-0.0553;-5.940570983248794
0.1500000000000341;0.2113;-0.0528;-5.952707949743902
0.1500000000000341;0.204;-0.051;-5.964318994784953
0.20000000000004547;0.1971;-0.0493;-5.979412092692564
0.10000000000002274;0.188;-0.047;-5.986347670891253
0.1500000000000341;0.1838;-0.046;-5.996957073058442
0.20000000000004547;0.1775;-0.0444;-6.010797716637096
0.20000000000004547;0.1692;-0.0423;-6.024209163743514
0.1500000000000341;0.1611;-0.0403;-6.03333420124326
0.1500000000000341;0.1556;-0.0389;-6.04211445836585
0.1500000000000341;0.1504;-0.0376;-6.051115659530098
0.1500000000000341;0.145;-0.0362;-6.059518484282609
0.1500000000000341;0.1399;-0.035;-6.067593218652649
0.10000000000002274;0.1351;-0.0338;-6.072571201377267
0.20000000000004547;0.1321;-0.033;-6.082035444271061
0.25000000000005684;0.1264;-0.0316;-6.093419466284803
0.1500000000000341;0.1196;-0.0299;-6.10044282969473
0.1500000000000341;0.1154;-0.0288;-6.107360072749084
0.1500000000000341;0.1112;-0.0278;-6.11390086988423
0.1500000000000341;0.1073;-0.0268;-6.120357743887485
0.20000000000004547;0.1034;-0.0259;-6.128516202793186
0.1500000000000341;0.1;-0.025;-6.13392498851441
0.20000000000004547;0.1;-0.025;-6.140659467861943
0.20000000000004547;0.1;-0.025;-6.147520336366662
0.10000000000002274;0.1;-0.025;-6.150922306703904
0.1500000000000341;0.1;-0.025;-6.155973092924058
0.1500000000000341;0.1;-0.025;-6.161014352916835
0.1500000000000341;0.1;-0.025;-6.166001425880077
0.20000000000004547;0.1;-0.025;-6.172702926973741
0.25000000000005684;0.1;-0.025;-6.181001520658511
0.10000000000002274;0.1;-0.025;-6.184716659161342
0.1500000000000341;0.1;-0.025;-6.1900779368341246
0.10000000000002274;0.1;-0.025;-6.193570165931602
0.1500000000000341;0.1;-0.025;-6.198887181812208
0.05000000000001137;0.1;-0.025;-6.200633775499733
0.1500000000000341;0.1;-0.025;-6.206227605934218
0.10000000000002274;0.1;-0.025;-6.209930499130671
0.20000000000004547;0.1;-0.025;-6.216943517975834
0.10000000000002274;0.1;-0.025;-6.220789469096417
0.1500000000000341;0.1;-0.025;-6.226482449192619
0.1500000000000341;0.1;-0.025;-6.231762687796445
0.10000000000002274;0.1;-0.025;-6.235377229453314
0.10000000000002274;0.1;-0.025;-6.238885431676178
0.10000000000002274;0.1;-0.025;-6.2424388725703075
0.10000000000002274;0.1;-0.025;-6.246213153570994
0.20000000000004547;0.1;-0.025;-6.252937347491716
0.1500000000000341;0.1;-0.025;-6.258633335940782
0.10000000000002274;0.1;-0.025;-6.2623647796119455
0.1500000000000341;0.1;-0.025;-6.268087673817144
0.10000000000002274;0.1;-0.025;-6.272068836350101
0.10000000000002274;0.1;-0.025;-6.275528604074822
0.1500000000000341;0.1;-0.025;-6.280517151672602
0.1500000000000341;0.1;-0.025;-6.285734703140199
0.20000000000004547;0.1;-0.025;-6.292131669367878
0.10000000000002274;0.0;0.0;-6.292275434915229
0.1500000000000341;1.5047;1.4953;-6.298032770347302
0.10000000000002274;1.4471;1.5529;-6.305163227112032
0.1500000000000341;1.3758;1.6242;-6.292396507737959
0.1500000000000341;1.5035;1.4965;-6.2910770056059295
0.10000000000002274;1.5167;1.4833;-6.292338455219901
0.10000000000002274;1.504;1.496;-6.29303426206454
0.20000000000004547;1.4971;1.5029;-6.2922906517568356
0.1500000000000341;1.5045;1.4955;-6.291931099243189
0.10000000000002274;1.5081;1.4919;-6.291961106547529
0.10000000000002274;1.5078;1.4922;-6.291717652892743
0.10000000000002274;1.5102;1.4898;-6.292444324644357
0.1500000000000341;1.503;1.497;-6.293130971017479
0.10000000000002274;1.4961;1.5039;-6.293138807329424
0.10000000000002274;1.496;1.504;-6.292765590772944
0.25000000000005684;1.4998;1.5002;-6.290884799772187
0.10000000000002274;1.5186;1.4814;-6.292180706043206
0.1500000000000341;1.5056;1.4944;-6.293038891653208
0.1500000000000341;1.497;1.503;-6.293036574574671
0.10000000000002274;1.4971;1.5029;-6.292552843650115
0.10000000000002274;1.5019;1.4981;-6.2929179212064135
0.10000000000002274;1.4982;1.5018;-6.293623790680392
0.10000000000002274;1.4912;1.5088;-6.293904554967188
0.1500000000000341;1.4884;1.5116;-6.293634639558157
0.20000000000004547;1.4911;1.5089;-6.2932188061057595
0.10000000000002274;1.4952;1.5048;-6.29328968772343
0.10000000000002274;1.4945;1.5055;-6.293460968459191
0.10000000000002274;1.4928;1.5072;-6.293869868940048
0.10000000000002274;1.4887;1.5113;-6.294015702290002
0.10000000000002274;1.4873;1.5127;-6.29408394998135
0.10000000000002274;1.4866;1.5134;-6.2940931219523355
0.1500000000000341;1.4865;1.5135;-6.294082867907789
0.1500000000000341;1.4866;1.5134;-6.2936978579684375
0.1500000000000341;1.4904;1.5096;-6.293819167586132
0.10000000000002274;1.4892;1.5108;-6.2939540077173
0.1500000000000341;1.4879;1.5121;-6.294090624942577
0.10000000000002274;1.4865;1.5135;-6.294113240350108
0.1500000000000341;1.4863;1.5137;-6.293743679020812
0.1500000000000341;1.49;1.51;-6.293505158348571
0.10000000000002274;1.4924;1.5076;-6.293864728495375
0.20000000000004547;1.4888;1.5112;-6.294196927760268
0.10000000000002274;1.4855;1.5145;-6.294154010549086
0.10000000000002274;1.4859;1.5141;-6.2941174360213115
0.10000000000002274;1.4862;1.5138;-6.29384841020468
0.10000000000002274;1.4889;1.5111;-6.292760379496785
0.10000000000002274;1.4998;1.5002;-6.292551309969958
0.10000000000002274;1.5019;1.4981;-6.292592265038755
0.10000000000002274;1.5015;1.4985;-6.292759622200443
0.1500000000000341;1.4998;1.5002;-6.293114764512242
0.1500000000000341;1.4963;1.5037;-6.293223355611094
0.1500000000000341;1.4952;1.5048;-6.293097183713858
0.10000000000002274;1.4965;1.5035;-6.293121277199437
0.10000000000002274;1.4962;1.5038;-6.293194108461505
0.10000000000002274;1.4955;1.5045;-6.292984064747418
0.1500000000000341;1.4976;1.5024;-6.291852910403111
0.10000000000002274;1.5089;1.4911;-6.291886010793219
0.10000000000002274;1.5086;1.4914;-6.293036071018779
0.1500000000000341;1.4971;1.5029;-6.293012413881032
0.10000000000002274;1.4973;1.5027;-6.293128801722292
0.10000000000002274;1.4961;1.5039;-6.292415720933522
0.1500000000000341;1.5033;1.4967;-6.291546394799849
0.10000000000002274;1.512;1.488;-6.291564602949597
0.1500000000000341;1.5118;1.4882;-6.293398002182676
0.10000000000002274;1.4934;1.5066;-6.293075738260336
0.1500000000000341;1.4967;1.5033;-6.2925123688759745
0.20000000000004547;1.5023;1.4977;-6.2915386677748435
0.10000000000002274;1.512;1.488;-6.292393022087967
0.1500000000000341;1.5035;1.4965;-6.293321069384411
0.10000000000002274;1.4942;1.5058;-6.293655809897489
0.1500000000000341;1.4909;1.5091;-6.292493835075506
0.1500000000000341;1.5025;1.4975;-6.291668046545052
0.10000000000002274;1.5107;1.4893;-6.291761961845639
0.1500000000000341;1.5098;1.4902;-6.291456868533208
0.20000000000004547;1.5129;1.4871;-6.291847419730284
0.10000000000002274;1.5089;1.4911;-6.2922339904390885
0.10000000000002274;1.5051;1.4949;-6.292654696168319
0.10000000000002274;1.5009;1.4991;-6.293487613550025
0.10000000000002274;1.4925;1.5075;-6.2926488775378475
0.10000000000002274;1.5009;1.4991;-6.292001547251392
0.10000000000002274;1.5074;1.4926;-6.292125176197062
0.10000000000002274;1.5062;1.4938;-6.292439547256611
0.10000000000002274;1.503;1.497;-6.291833223024619
0.1500000000000341;1.5091;1.4909;-6.29197466712417
0.1500000000000341;1.5077;1.4923;-6.292283088009315
0.1500000000000341;1.5046;1.4954;-6.292459951153223
0.10000000000002274;1.5028;1.4972;-6.292479950155394
0.10000000000002274;1.5026;1.4974;-6.292616781106295
0.10000000000002274;1.5013;1.4987;-6.293108605118592
0.1500000000000341;1.4963;1.5037;-6.294008264208945
0.10000000000002274;1.4873;1.5127;-6.293228543086126
0.20000000000004547;1.4951;1.5049;-6.291933690119184
0.1500000000000341;1.5081;1.4919;-6.29247629025896
0.1500000000000341;1.5027;1.4973;-6.292440211143115
0.10000000000002274;1.503;1.497;-6.292177827757366
0.10000000000002274;1.5056;1.4944;-6.291998423239397
0.10000000000002274;1.5074;1.4926;-6.291771925967231
0.10000000000002274;1.5097;1.4903;-6.291646058729561
0.10000000000002274;1.511;1.489;-6.291775611646373
0.25000000000005684;1.5097;1.4903;-6.294234096223217
0.20000000000004547;1.4851;1.5149;-6.292756133757656
0.1500000000000341;1.4999;1.5001;-6.292474685547272
0.10000000000002274;1.5027;1.4973;-6.293056982060112
0.05000000000001137;1.4969;1.5031;-6.293304424688925
0.1500000000000341;1.4944;1.5056;-6.293980623684239
0.10000000000002274;1.4876;1.5124;-6.293252873339469
0.10000000000002274;1.4949;1.5051;-6.292199595749574
0.25000000000005684;1.5054;1.4946;-6.29478960418498
0.10000000000002274;1.4795;1.5205;-6.293519203716977
0.1500000000000341;1.4922;1.5078;-6.292350678723123
0.10000000000002274;1.5039;1.4961;-6.293015873817599
0.10000000000002274;1.4973;1.5027;-6.293651801979455
0.1500000000000341;1.4909;1.5091;-6.293705696270659
0.1500000000000341;1.4904;1.5096;-6.293548717576375
0.20000000000004547;1.4919;1.5081;-6.293629016117048
0.20000000000004547;1.4911;1.5089;-6.292967652679837
0.10000000000002274;1.4977;1.5023;-6.2935210309293135
0.10000000000002274;1.4922;1.5078;-6.293329741496078
0.10000000000002274;1.4941;1.5059;-6.2927968549392235
0.1500000000000341;1.4995;1.5005;-6.293575817264876
0.10000000000002274;1.4917;1.5083;-6.293614993451109
0.1500000000000341;1.4913;1.5087;-6.2931645098481805
0.20000000000004547;1.4958;1.5042;-6.292384890350415
0.1500000000000341;1.5036;1.4964;-6.293449236654354
0.10000000000002274;1.4929;1.5071;-6.293155580324557
0.10000000000002274;1.4959;1.5041;-6.293556142922866
0.1500000000000341;1.4919;1.5081;-6.293551971656075
0.1500000000000341;1.4919;1.5081;-6.2940613373347185
0.1500000000000341;1.4868;1.5132;-6.294063440932443
0.1500000000000341;1.4868;1.5132;-6.294084524849228
0.1500000000000341;1.4866;1.5134;-6.294077060187504
0.1500000000000341;1.4867;1.5133;-6.298010463418219
0.10000000000002274;1.4867;1.5133;-6.298263544044739
0.10000000000002274;-0.4;-0.4;-6.2984063584379735
0.1500000000000341;-0.4;-0.4;-6.297785445922208
0.10000000000002274;-0.4;-0.4;-6.297976806885521
0.10000000000002274;-0.4;-0.4;-6.298642601174443
0.1500000000000341;-0.4;-0.4;-6.299218937772904
0.20000000000004547;-0.4;-0.4;-6.299887716409555
0.20000000000004547;-0.4;-0.4;-6.300183522752085
0.10000000000002274;-0.4;-0.4;-6.300420545757361
0.10000000000002274;-0.4;-0.4;-6.301119613186568
0.1500000000000341;-0.4;-0.4;-6.30191575430082
0.10000000000002274;-0.4;-0.4;-6.302507425292762
0.1500000000000341;-0.4;-0.4;-6.303467250558699
0.10000000000002274;-0.4;-0.4;-6.30366361589543
0.20000000000004547;-0.4;-0.4;-6.302326183556385
0.10000000000002274;-0.4;-0.4;-6.302100033041742
0.1500000000000341;-0.4;-0.4;-6.3022656135503965
0.10000000000002274;-0.4;-0.4;-6.302148044080746
0.1500000000000341;-0.4;-0.4;-6.301135435935558
0.10000000000002274;-0.4;-0.4;-6.301056218109344
0.1500000000000341;-0.4;-0.4;-6.300308043872662
0.1500000000000341;-0.4;-0.4;-6.299599324716493
0.20000000000004547;-0.4;-0.4;-6.2987281573665586
0.10000000000002274;-0.4;-0.4;-6.298365969765046
0.1500000000000341;-0.4;-0.4;-6.2978887110784205
0.10000000000002274;-0.4;-0.4;-6.29768363134145
0.1500000000000341;-0.4;-0.4;-6.297138573996819
0.10000000000002274;-0.4;-0.4;-6.296726068101691
0.1500000000000341;-0.4;-0.4;-6.295913112628601
0.10000000000002274;-0.4;-0.4;-6.295457981087908
0.20000000000004547;-0.4;-0.4;-6.294330077976317
0.1500000000000341;-0.4;-0.4;-6.2933740187015434
0.1500000000000341;-0.4;-0.4;-6.292311632933514
0.1500000000000341;-0.4;-0.4;-6.291161825118351
0.1500000000000341;-0.4;-0.4;-6.290031294582838
0.1500000000000341;-0.4;-0.4;-6.289015926914192
0.1500000000000341;-0.4;-0.4;-6.287842059407556
0.20000000000004547;-0.4;-0.4;-6.286328181558367
0.10000000000002274;-0.4;-0.4;-6.28558121032213
0.1500000000000341;-0.4;-0.4;-6.28462169873886
0.1500000000000341;-0.4;-0.4;-6.283620745950365
0.10000000000002274;-0.4;-0.4;-6.283401780358858
0.1500000000000341;-0.4;-0.4;-6.283769099028308
0.10000000000002274;-0.4;-0.4;-6.283860299885707
0.25000000000005684;-0.4;-0.4;-6.283796001363309
0.1500000000000341;-0.4;-0.4;-6.284036559331157
0.1500000000000341;-0.4;-0.4;-6.283713760322962
0.10000000000002274;-0.4;-0.4;-6.2835160875908675
0.1500000000000341;-0.4;-0.4;-6.28405053267566
0.1500000000000341;-0.4;-0.4;-6.2845366756994565
0.10000000000002274;-0.4;-0.4;-6.285014658021446
0.1500000000000341;-0.4;-0.4;-6.285700897162423
0.25000000000005684;-0.4;-0.4;-6.287434818896683
0.10000000000002274;-0.4;-0.4;-6.287671077513885
0.10000000000002274;-0.4;-0.4;-6.28748042574757
0.1500000000000341;-0.4;-0.4;-6.288066800809224
0.10000000000002274;-0.4;-0.4;-6.288351198422685
0.1500000000000341;-0.4;-0.4;-6.287841306474724
0.1500000000000341;-0.375;1.5;-6.261623609917131
0.10000000000002274;-0.375;1.5;-6.237375803514051
0.20000000000004547;-0.375;1.5;-6.13095670538373
0.1500000000000341;-0.375;1.5;-6.0485167893152045
0.10000000000002274;-0.375;1.5;-5.994122712988224
0.10000000000002274;-0.375;1.5;-5.939484397537478
0.1500000000000341;-0.375;1.5;-5.857353380603865
0.10000000000002274;-0.375;1.5;-5.804686208993198
0.1500000000000341;-0.375;1.5;-5.725907240860718
0.10000000000002274;-0.375;1.5;-5.674163432774186
0.20000000000004547;-0.375;1.5;-5.558876322166871
0.20000000000004547;-0.3604;1.4415;-5.449261003241465
0.10000000000002274;-0.3439;1.3757;-5.396587037887653
0.10000000000002274;-0.336;1.3441;-5.344289993523519
0.1500000000000341;-0.3282;1.3127;-5.270987511141671
0.10000000000002274;-0.3172;1.2687;-5.223740922657791
0.10000000000002274;-0.3101;1.2404;-5.1762793614517095
0.20000000000004547;-0.303;1.2119;-5.087314812720751
0.20000000000004547;-0.2896;1.1585;-4.997290125292647
0.10000000000002274;-0.2761;1.1045;-4.954678880193537
0.10000000000002274;-0.2697;1.079;-4.912639666873223
0.10000000000002274;-0.2634;1.0537;-4.8732067556434995
0.10000000000002274;-0.2575;1.0301;-4.834677018456074
0.10000000000002274;-0.2517;1.007;-4.797858172373958
0.1500000000000341;-0.2462;0.9849;-4.7437898652257395
0.1500000000000341;-0.2381;0.9524;-4.689392115116698
0.20000000000004547;-0.2299;0.9198;-4.619452797783306
0.1500000000000341;-0.2195;0.8778;-4.570661276801997
0.10000000000002274;-0.2121;0.8485;-4.539248709611748
0.10000000000002274;-0.2074;0.8297;-4.507570784505426
0.10000000000002274;-0.2027;0.8107;-4.476949214452245
0.1500000000000341;-0.1981;0.7923;-4.4320999330104325
0.1500000000000341;-0.1914;0.7654;-4.388211221172387
0.1500000000000341;-0.1848;0.7391;-4.34655746276233
0.20000000000004547;-0.1785;0.7141;-4.29326273336533
0.10000000000002274;-0.1705;0.6821;-4.267876398955471
0.1500000000000341;-0.1667;0.6669;-4.230349008659287
0.10000000000002274;-0.1611;0.6444;-4.206583778283218
0.1500000000000341;-0.1575;0.6301;-4.17173726868951
0.10000000000002274;-0.1523;0.6092;-4.149333297539189
0.1500000000000341;-0.1489;0.5957;-4.11573441635046
0.1500000000000341;-0.1439;0.5756;-4.083706798018529
0.20000000000004547;-0.1391;0.5564;-4.042271417942587
0.1500000000000341;-0.1329;0.5315;-4.012243579022817
0.10000000000002274;-0.1284;0.5135;-3.992867527694845
0.1500000000000341;-0.1255;0.5019;-3.9647473448658417
0.1500000000000341;-0.1212;0.485;-3.9375712649600865
0.10000000000002274;-0.1172;0.4687;-3.919825430656326
0.10000000000002274;-0.1145;0.458;-3.9026477831429114
0.10000000000002274;-0.1119;0.4477;-3.8856206745771873
0.20000000000004547;-0.1094;0.4375;-3.852934150964369
0.1500000000000341;-0.1045;0.4179;-3.829546953547543
0.1500000000000341;-0.101;0.4039;-3.8064972499397207
0.10000000000002274;-0.0975;0.39;-3.7917522153241556
0.1500000000000341;-0.0953;0.3812;-3.769992148926714
0.10000000000002274;-0.092;0.3681;-3.7560234119047533
0.10000000000002274;-0.0899;0.3598;-3.742425535287489
0.20000000000004547;-0.0879;0.3516;-3.7158219353021336
0.1500000000000341;-0.0839;0.3356;-3.6971431009139133
0.1500000000000341;-0.0811;0.3244;-3.6787534573534306
0.1500000000000341;-0.0784;0.3134;-3.6609800818065414
0.1500000000000341;-0.0757;0.3027;-3.6434155708147555
0.1500000000000341;-0.073;0.2922;-3.627070459975938
0.10000000000002274;-0.0706;0.2824;-3.616622652046647
0.10000000000002274;-0.069;0.2761;-3.606193792375399
0.20000000000004547;-0.0675;0.2699;-3.5861509363378774
0.10000000000002274;-0.0645;0.2578;-3.576286269463576
0.1500000000000341;-0.063;0.2519;-3.5620654543442694
0.1500000000000341;-0.0608;0.2434;-3.5480736801537933
0.1500000000000341;-0.0587;0.235;-3.5344407927563313
0.10000000000002274;-0.0567;0.2268;-3.525931293144178
0.10000000000002274;-0.0554;0.2217;-3.51780302498535
0.1500000000000341;-0.0542;0.2168;-3.5060446185671736
0.1500000000000341;-0.0524;0.2098;-3.4945237996363008
0.10000000000002274;-0.0507;0.2029;-3.486968678920505
0.20000000000004547;-0.0496;0.1983;-3.472133389233693
0.10000000000002274;-0.0474;0.1894;-3.465022401378628
0.10000000000002274;-0.0463;0.1852;-3.4580088902584856
0.1500000000000341;-0.0452;0.181;-3.447571175875573
0.10000000000002274;-0.0437;0.1747;-3.4407640331062668
0.10000000000002274;-0.0427;0.1706;-3.4344952422418675
0.1500000000000341;-0.0417;0.1668;-3.4253882765411316
0.1500000000000341;-0.0403;0.1614;-3.416142265911998
0.10000000000002274;-0.039;0.1558;-3.4102945807036127
0.1500000000000341;-0.0381;0.1523;-3.4015976613997974
0.10000000000002274;-0.0368;0.1471;-3.395793444138433
0.1500000000000341;-0.0359;0.1436;-3.3880733072388898
0.1500000000000341;-0.0347;0.139;-3.3805012230134763
0.10000000000002274;-0.0336;0.1345;-3.375429420526366
0.1500000000000341;-0.0329;0.1314;-3.36795356172653
0.1500000000000341;-0.0317;0.1269;-3.3605062456289536
0.10000000000002274;-0.0306;0.1225;-3.35557837655158
0.10000000000002274;-0.0299;0.1195;-3.3507112996171564
0.1500000000000341;-0.0291;0.1166;-3.343610456579773
0.1500000000000341;-0.0281;0.1123;-3.336623334759526
0.10000000000002274;-0.027;0.1081;-3.3323593356605685
0.1500000000000341;-0.0264;0.1056;-3.3260175738420856
0.25000000000005684;-0.0254;0.1018;-3.316342652185079
0.10000000000002274;-0.025;0.1;-3.3124826277428405
0.10000000000002274;-0.025;0.1;-3.30870637440596
0.1500000000000341;-0.025;0.1;-3.3028400291173585
0.1500000000000341;-0.025;0.1;-3.296796564065633
0.10000000000002274;-0.025;0.1;-3.292610574454312
0.10000000000002274;-0.025;0.1;-3.2888557820598705
0.1500000000000341;-0.025;0.1;-3.282881942749665
0.1500000000000341;-0.025;0.1;-3.2769705065770434
0.1500000000000341;-0.025;0.1;-3.2712077579243006
0.10000000000002274;-0.025;0.1;-3.267505590611772
0.10000000000002274;-0.025;0.1;-3.263783820742079
0.1500000000000341;-0.025;0.1;-3.2582535489658024
0.10000000000002274;-0.025;0.1;-3.2546169829913203
0.1500000000000341;-0.025;0.1;-3.2491766398473225
0.10000000000002274;-0.025;0.1;-3.245553937153736
0.25000000000005684;-0.025;0.1;-3.235379071362246
0.10000000000002274;-0.025;0.1;-3.231503212901332
0.1500000000000341;-0.025;0.1;-3.225133706111676
0.1500000000000341;-0.025;0.1;-3.218850353144817
0.1500000000000341;-0.025;0.1;-3.212569033088075
0.1500000000000341;-0.025;0.1;-3.2065673269323263
0.1500000000000341;-0.025;0.1;-3.201306018332485
0.20000000000004547;-0.025;0.1;-3.193124966972943
0.1500000000000341;-0.025;0.1;-3.1864634178888602
0.20000000000004547;-0.025;0.1;-3.1784889199161794
0.1500000000000341;-0.025;0.1;-3.1721368471358296
0.10000000000002274;-0.025;0.1;-3.167967150367168
0.1500000000000341;-0.025;0.1;-3.1624276101116995
0.1500000000000341;-0.025;0.1;-3.1571500040909166
0.10000000000002274;0.0;0.0;-3.156938539377216
0.1500000000000341;1.4948;1.5052;-3.139303211362273
0.1500000000000341;1.6711;1.3289;-3.1525291437180476
0.1500000000000341;1.5389;1.4611;-3.1582359314828232
0.10000000000002274;1.4818;1.5182;-3.157669078238246
0.10000000000002274;1.4875;1.5125;-3.1567329452191077
0.10000000000002274;1.4968;1.5032;-3.156152406729684
0.10000000000002274;1.5027;1.4973;-3.1564358976637177
0.10000000000002274;1.4998;1.5002;-3.1572165966652257
0.10000000000002274;1.492;1.508;-3.157446065930608
0.1500000000000341;1.4897;1.5103;-3.157746751239008
0.10000000000002274;1.4867;1.5133;-3.157766225748841
0.10000000000002274;1.4865;1.5135;-3.1577520028285013
0.1500000000000341;1.4867;1.5133;-3.157785909665728
0.1500000000000341;1.4863;1.5137;-3.157765104886205
0.1500000000000341;1.4865;1.5135;-3.1577703042101883
0.10000000000002274;1.4865;1.5135;-3.1577808410986656
0.1500000000000341;1.4864;1.5136;-3.157741393292989
0.1500000000000341;1.4868;1.5132;-3.1578089566264915
0.10000000000002274;1.4861;1.5139;-3.1577845955497073
0.10000000000002274;1.4863;1.5137;-3.157764225048539
0.1500000000000341;1.4865;1.5135;-3.1577452620642075
0.1500000000000341;1.4867;1.5133;-3.157748620830053
0.10000000000002274;1.4867;1.5133;-3.1577574010789546
0.10000000000002274;1.4866;1.5134;-3.1577768223712055
0.1500000000000341;1.4864;1.5136;-3.157773440293872
0.10000000000002274;1.4864;1.5136;-3.1577735648899883
0.10000000000002274;1.4864;1.5136;-3.1577525731765395
0.10000000000002274;1.4867;1.5133;-3.1577391101116845
0.10000000000002274;1.4868;1.5132;-3.157738241609964
0.10000000000002274;1.4868;1.5132;-3.1577343336651165
0.10000000000002274;1.4868;1.5132;-3.157740771142976
0.1500000000000341;1.4868;1.5132;-3.157750893872045
0.10000000000002274;1.4867;1.5133;-3.1577639041370733
0.1500000000000341;1.4865;1.5135;-3.157763993765383
0.1500000000000341;1.4865;1.5135;-3.1577693096283634
0.20000000000004547;1.4865;1.5135;-3.1577502911599873
0.1500000000000341;1.4867;1.5133;-3.1576721388030244
0.1500000000000341;1.4875;1.5125;-3.155452254211179
0.10000000000002274;1.5097;1.4903;-3.1556023789627625
0.10000000000002274;1.5082;1.4918;-3.1566516969178897
0.10000000000002274;1.4977;1.5023;-3.157262994570143
0.20000000000004547;1.4915;1.5085;-3.1574934821292584
0.10000000000002274;1.4892;1.5108;-3.1575392355357734
0.10000000000002274;1.4888;1.5112;-3.1576893747884522
0.1500000000000341;1.4873;1.5127;-3.1577342259989174
0.10000000000002274;1.4868;1.5132;-3.1577148585765524
0.10000000000002274;1.487;1.513;-3.1577338625575657
0.10000000000002274;1.4868;1.5132;-3.1575235890841986
0.20000000000004547;1.4889;1.5111;-3.1567019932121063
0.1500000000000341;1.4972;1.5028;-3.1573683313218996
0.1500000000000341;1.4905;1.5095;-3.157233934672588
0.10000000000002274;1.4918;1.5082;-3.1566974627718762
0.1500000000000341;1.4972;1.5028;-3.1575674650573595
0.1500000000000341;1.4885;1.5115;-3.156742187164213
0.1500000000000341;1.4968;1.5032;-3.157715415906567
0.1500000000000341;1.487;1.513;-3.156249548548624
0.1500000000000341;1.5017;1.4983;-3.156166026984156
0.20000000000004547;1.5025;1.4975;-3.155423204586393
0.1500000000000341;1.5099;1.4901;-3.155707385760606
0.1500000000000341;1.5071;1.4929;-3.1555329734113484
0.1500000000000341;1.5088;1.4912;-3.155187684712588
0.1500000000000341;1.5123;1.4877;-3.155362448566864
0.10000000000002274;1.5106;1.4894;-3.1554428778928667
0.1500000000000341;1.5097;1.4903;-3.1554154115279185
0.1500000000000341;1.51;1.49;-3.155334103897981
0.1500000000000341;1.5108;1.4892;-3.1557877027251773
0.10000000000002274;1.5063;1.4937;-3.1562514802385278
0.10000000000002274;1.5017;1.4983;-3.1562190389020546
0.10000000000002274;1.502;1.498;-3.1556862563114785
0.1500000000000341;1.5073;1.4927;-3.155809404236257
0.10000000000002274;1.5061;1.4939;-3.155850371322355
