0.15000000000000002;0.165;0.3;0.006304309499040841
0.29999999999999993;0.863;0.737;-0.006871818031027141
0.15000000000000002;0.7313;0.8687;-0.0019113973383567424
0.2500000000000002;0.7809;0.8191;-0.0008555978324375545
0.20000000000000007;0.7914;0.8086;-0.0002434585757680564
0.15000000000000013;0.7976;0.8024;0.00028137660122502805
0.15000000000000013;0.8028;0.7972;0.00116299557485399
0.20000000000000018;0.8116;0.7884;0.0010829768541508254
0.15000000000000013;0.8108;0.7892;-0.00020071617498172104
0.20000000000000018;0.798;0.802;-0.0015461339889430597
0.1999999999999995;0.7845;0.8155;-0.0010494252465483545
0.2499999999999991;0.7895;0.8105;0.0018249610929751204
0.1999999999999993;0.8182;0.7818;-7.232029631569535e-05
0.2499999999999991;0.7993;0.8007;-0.0015307882520815067
0.1999999999999993;0.7847;0.8153;3.7790131014519765e-05
0.29999999999999893;0.8004;0.7996;-0.0005855408735903807
0.1999999999999993;0.7941;0.8059;-0.0013308233670585692
0.14999999999999947;0.7867;0.8133;-0.0006304857404783855
0.14999999999999947;0.7937;0.8063;0.0008536528491653881
0.14999999999999947;0.8085;0.7915;0.0011215334885224548
0.2499999999999991;0.8112;0.7888;-0.0010385182677451524
0.2499999999999991;0.7896;0.8104;0.0013262023308626717
0.14999999999999947;0.8133;0.7867;-0.00047074052999811905
0.1999999999999993;0.7953;0.8047;-0.0002124035451037074
0.1999999999999993;0.7979;0.8021;-0.0015776986001875678
0.1999999999999993;0.7842;0.8158;0.0001954864804464226
0.1999999999999993;0.802;0.798;0.0011313447595286826
0.14999999999999947;0.8113;0.7887;0.0004134134097730888
0.34999999999999876;0.8041;0.7959;0.0013067270772520413
0.09999999999999964;0.8131;0.7869;0.0011244082295900942
0.1999999999999993;0.8131;0.7869;0.0003240343111610255
0.09999999999999964;-0.4;-0.4;0.0007141312544043507
0.1999999999999993;-0.4;-0.4;0.002103363651201908
0.14999999999999947;-0.4;-0.4;0.0029557507169344042
0.1999999999999993;-0.4;-0.4;0.004379014213565014
0.14999999999999947;-0.4;-0.4;0.003948345860969335
0.1999999999999993;-0.4;-0.4;0.0023929538415829
0.2499999999999991;-0.4;-0.4;0.00040266137597181955
0.09999999999999964;-0.4;-0.4;-0.0003701806128434789
0.2499999999999991;-0.4;-0.4;-0.002293768601813801
0.14999999999999947;-0.4;-0.4;-0.0033829210149742633
0.20000000000000107;-0.4;-0.4;-0.004787642771693542
0.20000000000000284;-0.4;-0.4;-0.0054848102204219235
0.20000000000000284;-0.4;-0.4;-0.006713215713755912
0.25000000000000355;-0.4;-0.4;-0.008691138875074823
0.20000000000000284;-0.4;-0.4;-0.0091563483255624
0.20000000000000284;-0.4;0.4;0.018013955131354696
0.15000000000000213;-0.4;0.4;0.0526859425460307
0.20000000000000284;-0.4;0.4;0.10094846472642752
0.20000000000000284;-0.4;0.4;0.15038931628063745
0.20000000000000284;-0.4;0.4;0.19925237815752528
0.15000000000000213;-0.4;0.4;0.23665887345891692
0.30000000000000426;-0.4;0.4;0.3094247750321352
0.30000000000000426;-0.4;0.4;0.3830202304955452
0.15000000000000213;-0.4;0.4;0.4186180639235707
0.25000000000000355;-0.3679;0.3679;0.4754085930952262
0.20000000000000284;-0.3111;0.3111;0.514481792043422
0.20000000000000284;-0.272;0.272;0.5480653042027226
0.20000000000000284;-0.2385;0.2385;0.5775431160670577
0.20000000000000284;-0.209;0.209;0.6034589904334617
0.25000000000000355;-0.1831;0.1831;0.6322095023379105
0.25000000000000355;-0.1543;0.1543;0.6552365976991402
0.20000000000000284;-0.1313;0.1313;0.6716945686611827
0.20000000000000284;-0.1148;0.1148;0.6857949029298694
0.25000000000000355;-0.1007;0.1007;0.7015801633673512
0.20000000000000284;-0.0849;0.0849;0.7123387741781801
0.15000000000000213;-0.0742;0.0742;0.7190669379063104
0.20000000000000284;-0.0675;0.0675;0.7269669172788304
0.30000000000000426;-0.0596;0.0596;0.7376106777614156
0.20000000000000284;-0.05;0.05;0.7435880753076436
0.20000000000000284;-0.05;0.05;0.7495662632674834
0.20000000000000284;-0.05;0.05;0.7555450163159811
0.25000000000000355;-0.05;0.05;0.7630185471992514
0.20000000000000284;-0.05;0.05;0.7689779897128647
0.20000000000000284;-0.05;0.05;0.774846925110094
0.15000000000000213;-0.05;0.05;0.7794053075120377
0.30000000000000426;0.0;0.0;0.7794186251455342
0.20000000000000284;0.3;0.165;0.7712407371152877
0.15000000000000213;0.3;0.165;0.7650855735051568
0.20000000000000284;0.3;0.165;0.7567170012369984
0.20000000000000284;0.3;0.165;0.7486286381941241
0.20000000000000284;0.3;0.165;0.741069847362708
0.15000000000000213;0.3;0.165;0.7348812264456657
0.20000000000000284;0.3;0.165;0.7263456669565724
0.30000000000000426;0.3;0.165;0.711683596326755
0.20000000000000284;0.3;0.165;0.7023722629955117
0.20000000000000284;0.3;0.165;0.69336261130145
0.20000000000000284;0.3;0.165;0.6846403850865568
0.25000000000000355;0.3;0.165;0.6738927665539336
0.25000000000000355;0.3;0.165;0.6628291524860038
0.15000000000000213;0.3;0.165;0.6562709445490458
0.15000000000000213;0.3;0.165;0.6495960911104335
0.30000000000000426;0.3;0.165;0.6364020098650001
0.25000000000000355;0.3;0.165;0.6275416813002449
0.20000000000000284;0.3;0.165;0.6189962897267923
0.20000000000000284;0.3;0.165;0.6105110288531878
0.15000000000000213;0.3;0.165;0.6041152993517748
0.15000000000000213;0.3;0.165;0.597718063850718
0.15000000000000213;0.3;0.165;0.5913107991549326
0.15000000000000213;0.3;0.165;0.5848865416636686
0.15000000000000213;0.3;0.165;0.5784823444650709
0.30000000000000426;0.3;0.165;0.5656793786415086
0.10000000000000142;0.3;0.165;0.5613989183159955
0.20000000000000284;0.3;0.165;0.5528731134416033
0.15000000000000213;0.3;0.165;0.5464526822126228
0.10000000000000142;0.3;0.165;0.542225486527402
0.15000000000000213;0.3;0.165;0.5359463593809324
0.25000000000000355;0.3;0.165;0.5253366511869294
0.15000000000000213;0.3;0.165;0.518956381687826
0.25000000000000355;0.3;0.165;0.5082544227658037
0.20000000000000284;0.3;0.165;0.4997521451238302
0.15000000000000213;0.3;0.165;0.49341827228324486
0.20000000000000284;0.3;0.165;0.4849831750632336
0.15000000000000213;0.3;0.165;0.4786448109575904
0.15000000000000213;0.3;0.165;0.47231065758167784
0.20000000000000284;0.3;0.165;0.4639150070322268
0.10000000000000142;0.3;0.165;0.4597163327515564
0.20000000000000284;0.3;0.165;0.451319300369478
0.350000000000005;0.3;0.165;0.4366880913813143
0.20000000000000284;0.3;0.165;0.4282682089147746
0.25000000000000355;0.3;0.165;0.4178551661452568
0.20000000000000284;0.3;0.165;0.4096688413067665
0.25000000000000355;0.3;0.165;0.39918228875986755
0.25000000000000355;0.3;0.165;0.38904070826748843
0.15000000000000213;0.3;0.165;0.3838670344990986
0.350000000000005;0.3;0.165;0.3715744011578924
0.10000000000000142;0.3;0.165;0.36750956866315987
0.15000000000000213;0.3;0.165;0.3620953972794536
0.20000000000000284;0.3;0.165;0.3540292199448354
0.20000000000000284;0.3;0.165;0.34755396351353973
0.15000000000000213;0.3;0.165;0.34169484502774256
0.15000000000000213;0.3;0.165;0.33582249319732105
0.20000000000000284;0.3;0.165;0.3279386718352564
0.15000000000000213;0.3;0.165;0.32253536527257104
0.30000000000000426;0.3;0.165;0.31155277159618605
0.20000000000000284;0.3;0.165;0.3047405853241664
0.25000000000000355;0.3;0.165;0.29564715723981927
0.25000000000000355;0.3;0.165;0.28593821214458487
0.20000000000000284;0.3;0.165;0.27818383375423983
0.20000000000000284;0.3;0.165;0.2706040627639649
0.25000000000000355;0.3;0.165;0.26187771820602623
0.20000000000000284;0.3;0.165;0.25484070182917545
0.20000000000000284;0.3;0.165;0.2478484520400032
0.15000000000000213;0.3;0.165;0.24262090792938631
0.20000000000000284;0.3;0.165;0.23562844133004024
0.20000000000000284;0.3;0.165;0.22865932025589064
0.20000000000000284;0.3;0.165;0.22168456892380595
0.20000000000000284;0.3;0.165;0.21472367989799
0.25000000000000355;0.3;0.165;0.20598829303346008
0.350000000000005;0.3;0.165;0.19376165115467717
0.20000000000000284;0.3;0.165;0.18681442479996813
0.20000000000000284;0.3;0.165;0.1798033668048652
0.20000000000000284;0.3;0.165;0.17279668043784935
0.15000000000000213;0.3;0.165;0.16739267325748805
0.20000000000000284;0.3;0.165;0.15950030715506233
0.15000000000000213;0.3;0.165;0.1534939205270369
0.20000000000000284;0.3;0.165;0.14576731837533666
0.25000000000000355;0.3;0.165;0.13420724172150172
0.20000000000000284;0.3;0.165;0.12550589693211706
0.19999999999999218;0.3;0.165;0.11720432935659728
0.19999999999998863;0.3;0.165;0.10981629169792063
0.19999999999998863;0.3;0.165;0.1021105855015752
0.19999999999998863;0.3;0.165;0.09412624956960589
0.14999999999999147;0.3;0.165;0.088318909334685
0.29999999999998295;0.3;0.165;0.07688206163327449
0.2499999999999858;0.3;0.165;0.06703549962255084
0.2499999999999858;0.3;0.165;0.05653053728729279
0.2499999999999858;0.3;0.165;0.04566330180185442
0.14999999999999147;0.3;0.165;0.03875258971536179
0.19999999999998863;0.3;0.165;0.029029148535153815
0.19999999999998863;0.3;0.165;0.02023032263476747
0.2499999999999858;0.3;0.165;0.009432822287796579
0.29999999999998295;0.3;0.165;-0.003787358388223085
0.19999999999998863;0.3;0.165;-0.012545457889661764
0.19999999999998863;0.3;0.165;-0.021277424815290994
0.19999999999998863;0.3;0.165;-0.03005061096475692
0.14999999999999147;0.3;0.165;-0.03672118380791663
0.2499999999999858;0.3;0.165;-0.04782587445255557
0.2499999999999858;0.3;0.165;-0.05892206143446256
0.29999999999998295;0.3;0.165;-0.07210745111457363
0.19999999999998863;0.3;0.165;-0.08093143488295697
0.19999999999998863;0.3;0.165;-0.08951169747319915
0.19999999999998863;0.3;0.165;-0.09778980991311913
0.19999999999998863;0.3;0.165;-0.10644909449806081
0.2499999999999858;0.3;0.165;-0.11490217431877828
0.2499999999999858;0.3;0.165;-0.1251978445851729
0.14999999999999147;0.3;0.165;-0.13148110133893784
0.3499999999999801;0.3;0.165;-0.1456715297483434
0.19999999999998863;0.3;0.165;-0.15398690414702168
0.14999999999999147;0.3;0.165;-0.16014590010495097
0.19999999999998863;0.3;0.165;-0.16819983295160043
0.2499999999999858;0.3;0.165;-0.1778654920694252
0.19999999999998863;0.3;0.165;-0.1855229677242981
0.19999999999998863;0.3;0.165;-0.1932666229539417
0.29999999999998295;0.3;0.165;-0.20463004412863994
0.19999999999998863;0.3;0.165;-0.21256951311933928
0.14999999999999147;0.3;0.165;-0.2189076165944011
0.19999999999998863;0.3;0.165;-0.22739674993295983
0.19999999999998863;0.3;0.165;-0.23519499525227297
0.19999999999998863;0.3;0.165;-0.24250914853524333
0.14999999999999147;0.3;0.165;-0.24793434177673568
0.19999999999998863;0.3;0.165;-0.25517485296997866
0.2499999999999858;0.3;0.165;-0.26428955572714796
0.19999999999998863;0.3;0.165;-0.2716681247310687
0.14999999999999147;0.3;0.165;-0.2772395258613921
0.19999999999998863;0.3;0.165;-0.2844666578541747
0.19999999999998863;0.3;0.165;-0.29173501194390977
0.14999999999999147;0.3;0.165;-0.297145308726165
0.2499999999999858;0.3;0.165;-0.30648807031102665
0.19999999999998863;0.3;0.165;-0.31330323107602526
0.2499999999999858;0.3;0.165;-0.3218174015624115
0.29999999999998295;0.3;0.165;-0.3328563302198245
0.19999999999998863;0.3;0.165;-0.33978083788047264
0.14999999999999147;0.3;0.165;-0.34507103786908844
0.19999999999998863;0.3;0.165;-0.35237185657864495
0.2499999999999858;0.3;0.165;-0.36213216639809453
0.19999999999998863;0.3;0.165;-0.3703863163180585
0.14999999999999147;0.3;0.165;-0.3767929138988203
0.19999999999998863;0.3;0.165;-0.38486644600359865
0.19999999999998863;0.3;0.165;-0.39314976811905905
0.14999999999999147;0.3;0.165;-0.39878696193445534
0.14999999999999147;0.3;0.165;-0.40407166304732656
0.19999999999998863;0.3;0.165;-0.41073683336131134
0.14999999999999147;0.3;0.165;-0.41600090974254667
0.19999999999998863;0.3;0.165;-0.4232909092496415
0.14999999999999147;0.3;0.165;-0.42867363255436675
0.19999999999998863;0.3;0.165;-0.4356326941803902
0.29999999999998295;0.3;0.165;-0.4448441319586483
0.19999999999998863;0.3;0.165;-0.45096146547545574
0.19999999999998863;0.3;0.165;-0.45706090693137175
0.19999999999998863;0.3;0.165;-0.46314409299522663
0.19999999999998863;0.3;0.165;-0.4692586767490289
0.19999999999998863;0.3;0.165;-0.4753843143793722
0.19999999999998863;0.3;0.165;-0.48150597624139596
0.19999999999998863;0.3;0.165;-0.48759731280268453
0.2499999999999858;0.3;0.165;-0.49523529120386284
0.2499999999999858;0.3;0.165;-0.5034983401755704
0.19999999999998863;0.3;0.165;-0.5102409776501067
0.09999999999999432;0.3;0.165;-0.5137259730915813
0.19999999999998863;0.3;0.165;-0.520362593182491
0.19999999999998863;0.3;0.165;-0.5270097108371299
0.2499999999999858;0.3;0.165;-0.5351736268559928
0.14999999999999147;0.3;0.165;-0.5404556447469782
0.39999999999997726;0.3;0.165;-0.5552095971545422
0.19999999999998863;0.3;0.165;-0.5628944427493504
0.19999999999998863;0.3;0.165;-0.5708664584521572
0.19999999999998863;0.3;0.165;-0.5792739888316203
0.2499999999999858;0.3;0.165;-0.590071818470092
0.19999999999998863;0.3;0.165;-0.5990516682169773
0.2499999999999858;0.3;0.165;-0.6102877964007725
0.29999999999998295;0.3;0.165;-0.6236815207937751
0.19999999999998863;0.3;0.165;-0.6325417151676621
0.14999999999999147;0.3;0.165;-0.6391790460703821
0.29999999999998295;0.3;0.165;-0.6524357295002362
0.19999999999998863;0.3;0.165;-0.6611977657877375
0.14999999999999147;0.3;0.165;-0.6677637855789931
0.19999999999998863;0.3;0.165;-0.6765199414034444
0.19999999999998863;0.3;0.165;-0.6852879777028048
0.2499999999999858;0.3;0.165;-0.6962519235740652
0.2499999999999858;0.3;0.165;-0.7059005090328013
0.19999999999998863;0.3;0.165;-0.7135148845617376
0.29999999999998295;0.3;0.165;-0.72545778207038
0.14999999999999147;0.3;0.165;-0.7322966354180894
0.19999999999998863;0.3;0.165;-0.7414723311108927
0.14999999999999147;0.3;0.165;-0.747367306596888
0.19999999999998863;0.3;0.165;-0.7540628305579988
0.29999999999998295;0.3;0.165;-0.7648671856940172
0.14999999999999147;0.3;0.165;-0.7701207723365077
0.19999999999998863;0.3;0.165;-0.77776741578581
0.19999999999998863;0.3;0.165;-0.7846075199909085
0.19999999999998863;0.0;0.0;-0.7848831180615228
0.19999999999998863;-0.4;0.4;-0.7380631131666872
0.19999999999998863;-0.4;0.4;-0.6906618992001076
0.2499999999999858;-0.4;0.4;-0.6303210606133323
0.2499999999999858;-0.4;0.4;-0.571520956738316
0.14999999999999147;-0.4;0.4;-0.535013950260082
0.19999999999998863;-0.4;0.4;-0.4873934687720856
0.19999999999998863;-0.4;0.4;-0.4393347285892625
0.14999999999999147;-0.4;0.4;-0.4033787616915625
0.2499999999999858;-0.4;0.4;-0.3461598008964826
0.14999999999999147;-0.347;0.347;-0.3155269158145472
0.2499999999999858;-0.3163;0.3163;-0.2690119454863886
0.29999999999998295;-0.2698;0.2698;-0.2205912124692671
0.19999999999998863;-0.2214;0.2214;-0.19397664255987734
0.19999999999998863;-0.1948;0.1948;-0.1705248834079609
0.2499999999999858;-0.1713;0.1713;-0.14466500621383466
0.2499999999999858;-0.1455;0.1455;-0.12352430606777814
0.19999999999998863;-0.1243;0.1243;-0.10848621755651969
0.14999999999999147;-0.1093;0.1093;-0.09851486418410635
0.2499999999999858;-0.0993;0.0993;-0.08329200217262475
0.19999999999998863;-0.0841;0.0841;-0.07360343580318987
0.2499999999999858;-0.0744;0.0744;-0.06361888792276259
0.19999999999998863;-0.0644;0.0644;-0.056119735765832304
0.19999999999998863;-0.0569;0.0569;-0.050156473444813554
0.14999999999999147;-0.0509;0.0509;-0.045630211286594814
0.29999999999998295;-0.05;0.05;-0.03619440791272513
0.14999999999999147;-0.05;0.05;-0.031509191116341484
0.2499999999999858;-0.05;0.05;-0.024072500348004133
0.2499999999999858;-0.05;0.05;-0.016632524823878753
0.14999999999999147;-0.05;0.05;-0.012597448285888015
0.19999999999998863;-0.05;0.05;-0.006585221477938108
0.19999999999998863;0.0;0.0;-0.006585672021062916
0.19999999999998863;0.8;0.8;0.005850390783863138
0.19999999999998863;0.9244;0.6756;-0.010422633170098387
0.19999999999998863;0.7616;0.8384;-0.008765951067197006
0.19999999999998863;0.7782;0.8218;-0.007871579905765211
0.19999999999998863;0.7871;0.8129;-0.007998473437861876
0.14999999999999147;0.7859;0.8141;-0.007969149523896267
0.14999999999999147;0.7862;0.8138;-0.007943869566948631
0.19999999999998863;0.7864;0.8136;-0.007955836300606268
0.19999999999998863;0.7863;0.8137;-0.007941726099681993
0.14999999999999147;0.7864;0.8136;-0.007902124536216375
0.19999999999999574;0.7868;0.8132;-0.007928017830887887
0.39999999999997726;0.7866;0.8134;-0.007874104578008566
0.19999999999998863;0.7871;0.8129;-0.00707938692073417
0.19999999999998863;0.7951;0.8049;-0.008103910712002843
0.19999999999998863;0.7848;0.8152;-0.007501421836026365
0.2499999999999858;0.7908;0.8092;-0.008066809749642143
0.14999999999999147;0.7852;0.8148;-0.0077025374096997895
0.19999999999998863;0.7888;0.8112;-0.005605341545823305
0.19999999999998863;0.8098;0.7902;-0.0058531999658088
0.3499999999999801;0.8073;0.7927;-0.009307184963359522
0.19999999999998863;0.7728;0.8272;-0.006786099136471633
0.19999999999998863;0.798;0.802;-0.006260533989277298
0.19999999999998863;0.8032;0.7968;-0.007940590927680598
0.09999999999999432;0.7864;0.8136;-0.007871899387358411
0.19999999999998863;0.7871;0.8129;-0.006508166429279848
0.14999999999999147;0.8008;0.7992;-0.007238909738461836
0.19999999999998863;0.7935;0.8065;-0.007724922933189943
0.2499999999999858;0.7886;0.8114;-0.007837844413329664
0.14999999999999147;0.7875;0.8125;-0.007848243209227487
0.19999999999998863;0.7874;0.8126;-0.007957308180604831
0.14999999999999147;0.7863;0.8137;-0.007658783757437571
0.2499999999999858;0.7893;0.8107;-0.007818051699272834
0.14999999999999147;0.7877;0.8123;-0.007848823834018241
0.19999999999998863;0.7874;0.8126;-0.007651290572376779
0.19999999999998863;0.7893;0.8107;-0.007780306717974475
0.2499999999999858;0.788;0.812;-0.008053662703994425
0.2499999999999858;0.7853;0.8147;-0.00785401687354382
0.19999999999998863;0.7873;0.8127;-0.006973807048475538
0.14999999999999147;0.7961;0.8039;-0.007681605754019707
0.19999999999998863;0.789;0.811;-0.0079338414272663
0.19999999999998863;0.7865;0.8135;-0.007684214519123061
0.14999999999999147;0.789;0.811;-0.007904280506404807
0.19999999999998863;0.7868;0.8132;-0.007593658285544387
0.19999999999998863;0.7899;0.8101;-0.007992632886144576
0.19999999999998863;0.7859;0.8141;-0.007910203831649037
0.19999999999998863;0.7868;0.8132;-0.007952857074325255
0.14999999999999147;0.7863;0.8137;-0.007945651256357078
0.19999999999998863;0.7864;0.8136;-0.007910345874667114
0.09999999999999432;0.7867;0.8133;-0.007901391425918973
0.19999999999998863;0.7868;0.8132;-0.007936858394474026
0.19999999999998863;0.7865;0.8135;-0.007901686208725884
0.14999999999999147;0.7868;0.8132;-0.007920133447415427
0.19999999999998863;0.7867;0.8133;-0.007967548084539262
0.19999999999998863;0.7862;0.8138;-0.007925666952853678
0.09999999999999432;0.7866;0.8134;-0.007930625822934254
0.2499999999999858;0.7865;0.8135;-0.007891062955836215
0.19999999999998863;0.7869;0.8131;-0.007946492669144437
0.19999999999998863;0.7869;0.8131;-0.008500479298089258
0.2499999999999858;-0.4;-0.4;-0.009546009874483521
0.2499999999999858;-0.4;-0.4;-0.011205806106818492
0.3499999999999801;-0.4;-0.4;-0.011079280312978041
0.19999999999998863;-0.4;-0.4;-0.011105317850727771
0.14999999999999147;-0.4;-0.4;-0.011031795908891464
0.14999999999999147;-0.4;-0.4;-0.009881145338266756
0.19999999999998863;-0.4;-0.4;-0.008403479244166113
0.14999999999999147;-0.4;-0.4;-0.007552956799569598
0.19999999999998863;-0.4;-0.4;-0.006383281603613993
0.19999999999998863;-0.4;-0.4;-0.005454448393768461
0.2499999999999858;-0.4;-0.4;-0.005164489098016767
0.19999999999998863;-0.4;-0.4;-0.004747780001623383
0.19999999999998863;-0.4;-0.4;-0.004144871151236083
0.19999999999998863;-0.4;-0.4;-0.003475106364335136
0.14999999999999147;-0.4;-0.4;-0.00260609089659718
0.19999999999998863;-0.4;-0.4;-0.0014594490338871843
0.09999999999999432;-0.4;-0.4;-0.000835657878075886
0.19999999999998863;-0.4;-0.4;0.0006841189807990745
0.2499999999999858;-0.4;-0.4;0.002533823183760687
0.19999999999998863;-0.4;-0.4;0.004067420530679005
0.19999999999998863;-0.4;-0.4;0.005680164236672297
0.19999999999998863;-0.4;-0.4;0.007033255775306587
0.2499999999999858;-0.4;-0.4;0.0070955345173024
0.14999999999999147;-0.4;-0.4;0.006856537251603293
0.19999999999998863;-0.4;-0.4;0.006678276243700823
0.2499999999999858;-0.4;-0.4;0.006047421264229297
0.2499999999999858;-0.4;-0.4;0.0047075233461870754
0.14999999999999147;-0.4;-0.4;0.0035880440744763863
0.19999999999998863;-0.4;-0.4;0.002048597019199096
0.19999999999998863;-0.4;-0.4;0.000783494785396206
0.19999999999998863;-0.4;-0.4;-0.0004913300609544488
0.19999999999998863;-0.4;-0.4;-0.00043921512047115883
0.14999999999999147;-0.4;-0.4;7.586248295666901e-05
0.29999999999998295;-0.4;-0.4;0.0005132633720822861
0.14999999999999147;-0.4;-0.4;0.0002482379770364384
0.19999999999998863;-0.4;-0.4;-0.0012326336479253567
0.19999999999998863;-0.4;-0.4;-0.001575491975568918
0.14999999999999147;-0.4;-0.4;-0.0006194300073388571
0.19999999999998863;-0.4;-0.4;0.0006353285885240047
0.19999999999998863;-0.4;-0.4;0.0018253368708073528
0.19999999999998863;0.8;-0.8;-0.048087481198992234
0.29999999999998295;0.8;-0.8;-0.19204537869366448
0.19999999999998863;0.8;-0.8;-0.28780935215216763
0.19999999999998863;0.8;-0.8;-0.38350986853364033
0.19999999999998863;0.8;-0.8;-0.47953436269959565
0.19999999999998863;0.8;-0.8;-0.5759538258025138
0.19999999999998863;0.8;-0.8;-0.6705290461968313
0.2499999999999858;0.8;-0.8;-0.7908967725251802
0.2499999999999858;0.8;-0.8;-0.9116709562867753
0.3499999999999801;0.8;-0.8;-1.07950896382264
0.14999999999999147;0.8;-0.8;-1.1514460436941207
0.14999999999999147;0.8;-0.8;-1.223360541040554
0.14999999999999147;0.8;-0.8;-1.295285481358222
0.19999999999998863;0.8;-0.8;-1.3927210240443175
0.14999999999999147;0.8;-0.8;-1.4637745506962445
0.14999999999999147;0.8;-0.8;-1.5351399013120473
0.19999999999998863;0.8;-0.8;-1.6299204250665085
0.19999999999998863;0.8;-0.8;-1.7259118810408507
0.19999999999998863;0.8;-0.8;-1.8213344903080646
0.19999999999998863;0.7969;-0.7969;-1.9164890975681819
0.14999999999999147;0.7398;-0.7398;-1.9826750065706138
0.14999999999999147;0.7001;-0.7001;-2.0449763301709103
0.14999999999999147;0.6627;-0.6627;-2.1045384860485545
0.19999999999998863;0.627;-0.627;-2.179502653284187
0.19999999999998863;0.582;-0.582;-2.2496214513519663
0.19999999999998863;0.54;-0.54;-2.31385861806137
0.29999999999998295;0.5014;-0.5014;-2.4025519845224457
0.2499999999999858;0.4482;-0.4482;-2.4700244211690787
0.14999999999999147;0.4077;-0.4077;-2.5061700318575877
0.19999999999998863;0.386;-0.386;-2.5541135788104192
0.14999999999999147;0.3573;-0.3573;-2.5858916926318023
0.19999999999998863;0.3382;-0.3382;-2.6247427786786033
0.19999999999998863;0.3149;-0.3149;-2.6610007115650056
0.19999999999998863;0.2931;-0.2931;-2.695501768604935
0.29999999999998295;0.2724;-0.2724;-2.7438067099805097
0.19999999999998863;0.2434;-0.2434;-2.773076407403449
0.14999999999999147;0.2259;-0.2259;-2.793792651344137
0.14999999999999147;0.2134;-0.2134;-2.81328962841885
0.14999999999999147;0.2017;-0.2017;-2.831765210529122
0.14999999999999147;0.1907;-0.1907;-2.849439242553739
0.19999999999998863;0.1801;-0.1801;-2.869939920522424
0.19999999999998863;0.1678;-0.1678;-2.8886587679208264
0.3499999999999801;0.1565;-0.1565;-2.919238304320934
0.19999999999998863;0.1382;-0.1382;-2.9346135438935423
0.29999999999998295;0.129;-0.129;-2.956077744201401
0.2499999999999858;0.1161;-0.1161;-2.972368538080351
0.09999999999999432;0.1063;-0.1063;-2.9783261830188583
0.19999999999998863;0.1027;-0.1027;-2.9902996729108104
0.19999999999998863;0.0955;-0.0955;-3.0020935278026357
0.19999999999998863;0.0885;-0.0885;-3.012968228648696
0.2499999999999858;0.0819;-0.0819;-3.0255112892081253
0.2499999999999858;0.0744;-0.0744;-3.036883558878784
0.19999999999998863;0.0676;-0.0676;-3.0451842085898964
0.19999999999998863;0.0626;-0.0626;-3.0528518332719496
0.19999999999998863;0.058;-0.058;-3.0599624863277297
0.2499999999999858;0.0537;-0.0537;-3.068191671121761
0.19999999999998863;0.0488;-0.0488;-3.0741685116983373
0.19999999999998863;0.0452;-0.0452;-3.0797242889117373
0.29999999999998295;0.0419;-0.0419;-3.0874399586368675
0.14999999999999147;0.0373;-0.0373;-3.090860320491949
0.19999999999998863;0.0352;-0.0352;-3.09517300974278
0.14999999999999147;0.0326;-0.0326;-3.098180121691575
0.19999999999998863;0.0308;-0.0308;-3.101951246377159
0.2499999999999858;0.0286;-0.0286;-3.106318834398232
0.19999999999998863;0.0259;-0.0259;-3.1094977927171596
0.19999999999998863;0.024;-0.024;-3.112435143778876
0.29999999999998295;0.0223;-0.0223;-3.116520995635673
0.19999999999998863;0.02;-0.02;-3.118947381512109
0.19999999999998863;0.02;-0.02;-3.1214104900400916
0.19999999999998863;0.02;-0.02;-3.123859288647061
0.19999999999998863;0.02;-0.02;-3.126315677234817
0.14999999999999147;0.02;-0.02;-3.128154360579305
0.19999999999998863;0.02;-0.02;-3.130601237275877
0.2499999999999858;0.02;-0.02;-3.133659109462982
0.29999999999998295;0.02;-0.02;-3.137332520885354
0.19999999999998863;0.02;-0.02;-3.1397743847761173
0.19999999999998863;0.0;0.0;-3.1397702072398417
0.14999999999999147;0.8977;0.7023;-3.140672816573034
0.19999999999998863;0.8887;0.7113;-3.1495041217982966
0.14999999999999147;0.8004;0.7996;-3.148199512985649
0.2499999999999858;0.8134;0.7866;-3.148111771723587
0.2499999999999858;0.8143;0.7857;-3.1486161263997423
0.29999999999998295;0.8092;0.7908;-3.147854353174252
0.2499999999999858;0.8168;0.7832;-3.150706115723696
0.2499999999999858;0.7883;0.8117;-3.14841186099071
0.2499999999999858;0.8113;0.7887;-3.1495590772723183
0.2499999999999858;0.7998;0.8002;-3.148794309608488
0.14999999999999147;0.8074;0.7926;-3.1486513919126278
0.19999999999998863;0.8089;0.7911;-3.149925128628751
0.3499999999999801;0.7961;0.8039;-3.151424583953429
0.19999999999998863;0.7811;0.8189;-3.150560810848115
0.14999999999999147;0.7898;0.8102;-3.150583354597767
0.19999999999998863;0.7896;0.8104;-3.150964439198499
0.2499999999999858;0.7857;0.8143;-3.150731436673687
0.19999999999998863;0.7881;0.8119;-3.15090980606542
0.19999999999998863;0.7863;0.8137;-3.1507966413492685
0.19999999999998863;0.7874;0.8126;-3.1508644939110813
0.29999999999998295;0.7867;0.8133;-3.150751264533066
0.14999999999999147;0.7879;0.8121;-3.150839957973991
0.19999999999998863;0.787;0.813;-3.150879009003276
0.2499999999999858;0.7866;0.8134;-3.150891505306508
0.14999999999999147;0.7865;0.8135;-3.1508581587765745
0.19999999999998863;0.7868;0.8132;-3.150923340134191
0.19999999999998863;0.7862;0.8138;-3.15085762278842
0.19999999999998863;0.7868;0.8132;-3.1508763024066235
0.2499999999999858;0.7866;0.8134;-3.150934784787621
0.19999999999998863;0.786;0.814;-3.150834030636018
0.14999999999999147;0.7871;0.8129;-3.1508947981346407
0.2499999999999858;0.7864;0.8136;-3.1508757695117278
0.19999999999998863;0.7866;0.8134;-3.1508130717499117
0.19999999999998863;0.7873;0.8127;-3.150881101237821
0.19999999999998863;0.7866;0.8134;-3.150874844688033
0.19999999999998863;0.7866;0.8134;-3.150900574258525
0.19999999999998863;0.7864;0.8136;-3.1508592075659183
0.29999999999998295;0.7868;0.8132;-3.1507907531742343
0.14999999999999147;0.7875;0.8125;-3.1508216917509793
0.14999999999999147;0.7872;0.8128;-3.150873919656166
0.19999999999998863;0.7867;0.8133;-3.150799762577625
0.19999999999998863;0.7874;0.8126;-3.150894956585766
0.19999999999998863;0.7864;0.8136;-3.150804355592944
0.19999999999998863;0.7873;0.8127;-3.1508859360091703
0.3499999999999801;0.7865;0.8135;-3.1507323882517313
0.19999999999998863;0.7881;0.8119;-3.150959850417641
0.19999999999998863;0.7858;0.8142;-3.1507828395735435
0.19999999999998863;0.7876;0.8124;-3.150870886170682
0.19999999999998863;0.7867;0.8133;-3.143122253337771
0.19999999999998863;0.7867;0.8133;-3.142236882702283
0.19999999999998863;-0.4;-0.4;-3.1433768578935704
0.19999999999998863;-0.4;-0.4;-3.1432003476400308
0.29999999999998295;-0.4;-0.4;-3.1421093572351966
0.19999999999998863;-0.4;-0.4;-3.14311185063888
0.19999999999998863;-0.4;-0.4;-3.144648262800075
0.19999999999998863;-0.4;-0.4;-3.14622350145984
0.19999999999998863;-0.4;-0.4;-3.1474980911988566
0.2499999999999858;-0.4;-0.4;-3.1486732812906864
0.14999999999999147;-0.4;-0.4;-3.147615461949416
0.19999999999998863;-0.4;-0.4;-3.1465513977436315
0.2499999999999858;-0.4;-0.4;-3.145157731810313
0.19999999999998863;-0.4;-0.4;-3.145490183952209
0.14999999999999147;-0.4;-0.4;-3.144738584724736
0.2499999999999858;-0.4;-0.4;-3.1439632031666145
0.19999999999998863;0.4;-0.4;-3.1829420460198867
0.09999999999999432;0.4;-0.4;-3.2067901016707667
0.2499999999999858;0.4;-0.4;-3.2671422811284336
0.2499999999999858;0.4;-0.4;-3.327250135038061
0.19999999999998863;0.4;-0.4;-3.376765402632651
0.19999999999998863;0.4;-0.4;-3.4253329480157606
0.2499999999999858;0.4;-0.4;-3.4852272666528266
0.19999999999998863;0.4;-0.4;-3.530961337392396
0.14999999999999147;0.3976;-0.3976;-3.5654507941858653
0.19999999999998863;0.3631;-0.3631;-3.607006250935147
0.19999999999998863;0.3215;-0.3215;-3.643282432802913
0.19999999999998863;0.2852;-0.2852;-3.676793709141976
0.2499999999999858;0.2517;-0.2517;-3.714327606383588
0.19999999999998863;0.2142;-0.2142;-3.7396099951356647
0.14999999999999147;0.1889;-0.1889;-3.7569531849469135
0.19999999999998863;0.1716;-0.1716;-3.776999856339061
0.19999999999998863;0.1515;-0.1515;-3.7948521825354278
0.29999999999998295;0.1337;-0.1337;-3.8186762480566077
0.14999999999999147;0.1098;-0.1098;-3.8282556901024316
0.19999999999998863;0.1003;-0.1003;-3.8401969632464352
0.29999999999998295;0.0883;-0.0883;-3.8560289472130105
0.19999999999998863;0.0725;-0.0725;-3.864795080898943
0.19999999999998863;0.0637;-0.0637;-3.872271042272262
0.14999999999999147;0.0562;-0.0562;-3.8773152449982935
0.2499999999999858;0.0512;-0.0512;-3.8848276966570547
0.14999999999999147;0.05;-0.05;-3.889376281075541
0.2499999999999858;0.05;-0.05;-3.8970431932165464
0.19999999999998863;0.05;-0.05;-3.9031399397301083
0.3499999999999801;0.05;-0.05;-3.9138159496048908
0.14999999999999147;0.05;-0.05;-3.9183225638912287
0.14999999999999147;0.05;-0.05;-3.9228291879063644
0.14999999999999147;0.0;0.0;-3.9228288022288367
0.2499999999999858;0.165;0.3;-3.9126911133074787
0.19999999999998863;0.165;0.3;-3.9046724431840234
0.14999999999999147;0.165;0.3;-3.898533574616695
0.14999999999999147;0.165;0.3;-3.8925372295858085
0.19999999999998863;0.165;0.3;-3.885013369245925
0.19999999999998863;0.165;0.3;-3.8773681138703857
0.19999999999998863;0.165;0.3;-3.8687884514578332
0.2499999999999858;0.165;0.3;-3.8572132278865072
0.19999999999998863;0.165;0.3;-3.848097251202244
0.14999999999999147;0.165;0.3;-3.841325231203616
0.19999999999998863;0.165;0.3;-3.832397116799862
0.19999999999998863;0.165;0.3;-3.823451611573161
0.29999999999998295;0.165;0.3;-3.8105885053236515
0.19999999999998863;0.165;0.3;-3.802714929337802
0.2499999999999858;0.165;0.3;-3.7930920085772133
0.14999999999999147;0.165;0.3;-3.7868628118984873
0.2499999999999858;0.165;0.3;-3.7767959563429785
0.14999999999999147;0.165;0.3;-3.771737589834627
0.19999999999998863;0.165;0.3;-3.7650952742590036
0.14999999999999147;0.165;0.3;-3.759944504625338
0.2499999999999858;0.165;0.3;-3.750413442297113
0.19999999999998863;0.165;0.3;-3.7427447108834673
0.14999999999999147;0.165;0.3;-3.737009892824016
0.14999999999999147;0.165;0.3;-3.7312852698203445
0.14999999999999147;0.165;0.3;-3.725592964277493
0.2499999999999858;0.165;0.3;-3.7162850408744807
0.19999999999998863;0.165;0.3;-3.709129460956776
0.14999999999999147;0.165;0.3;-3.703782142651722
0.29999999999998295;0.165;0.3;-3.6901380372193606
0.29999999999998295;0.165;0.3;-3.677608983671135
0.19999999999998863;0.165;0.3;-3.6693787793714154
0.14999999999999147;0.165;0.3;-3.6631778476094894
0.14999999999999147;0.165;0.3;-3.6568446892317077
0.2499999999999858;0.165;0.3;-3.645932214396959
0.14999999999999147;0.165;0.3;-3.6394002851903213
0.14999999999999147;0.165;0.3;-3.6328679370931516
0.29999999999998295;0.165;0.3;-3.620044098271143
0.19999999999998863;0.165;0.3;-3.611678347813879
0.19999999999998863;0.165;0.3;-3.6035175996557154
0.09999999999999432;0.165;0.3;-3.599537632091979
0.19999999999998863;0.165;0.3;-3.591829901533979
0.19999999999998863;0.165;0.3;-3.5844876962362777
0.14999999999999147;0.165;0.3;-3.5789238858175536
0.14999999999999147;0.165;0.3;-3.573021908883609
0.29999999999998295;0.165;0.3;-3.561320212577702
0.29999999999998295;0.165;0.3;-3.550032159868887
0.14999999999999147;0.165;0.3;-3.5443834645433094
0.14999999999999147;0.165;0.3;-3.538734383849847
0.19999999999998863;0.165;0.3;-3.530807503306938
0.14999999999999147;0.165;0.3;-3.524590322905829
0.09999999999999432;0.165;0.3;-3.5203557698327397
0.19999999999998863;0.165;0.3;-3.5116669955708524
0.14999999999999147;0.165;0.3;-3.5049626017891753
0.3000000000000256;0.165;0.3;-3.49151856867967
0.20000000000004547;0.165;0.3;-3.482588066097963
0.20000000000004547;0.165;0.3;-3.473452694636103
0.20000000000004547;0.165;0.3;-3.4647667281793595
0.20000000000004547;0.165;0.3;-3.455922258304439
0.20000000000004547;0.165;0.3;-3.4481830842162773
0.25000000000005684;0.165;0.3;-3.4373108154398264
0.20000000000004547;0.165;0.3;-3.4279316825813204
0.3000000000000682;0.165;0.3;-3.4143569055199885
0.1500000000000341;0.165;0.3;-3.407518382567809
0.20000000000004547;0.165;0.3;-3.3984847862697105
0.25000000000005684;0.165;0.3;-3.3870607854858554
0.1500000000000341;0.165;0.3;-3.3800943309264384
0.20000000000004547;0.165;0.3;-3.3706009597413025
0.20000000000004547;0.165;0.3;-3.3608650570664107
0.1500000000000341;0.165;0.3;-3.353569430564515
0.25000000000005684;0.165;0.3;-3.3414080590218327
0.20000000000004547;0.165;0.3;-3.3316802808906316
0.20000000000004547;0.165;0.3;-3.321949134312139
0.20000000000004547;0.165;0.3;-3.312212035956879
0.20000000000004547;0.165;0.3;-3.3024620443276618
0.1500000000000341;0.165;0.3;-3.295141402801828
0.25000000000005684;0.165;0.3;-3.2838883849066223
0.25000000000005684;0.165;0.3;-3.2750819194230685
0.3000000000000682;0.165;0.3;-3.2652369216348403
0.1500000000000341;0.165;0.3;-3.260168232736319
0.25000000000005684;0.165;0.3;-3.2520695152589387
0.1500000000000341;0.165;0.3;-3.246482451168045
0.20000000000004547;0.165;0.3;-3.238946508672052
0.20000000000004547;0.165;0.3;-3.231069192955102
0.10000000000002274;0.165;0.3;-3.2270548055521187
0.20000000000004547;0.165;0.3;-3.2186957554714803
0.25000000000005684;0.165;0.3;-3.2076609566087946
0.20000000000004547;0.165;0.3;-3.19866461520045
0.20000000000004547;0.165;0.3;-3.189677087382165
0.20000000000004547;0.165;0.3;-3.1804091947229503
0.10000000000002274;0.165;0.3;-3.176043108846272
0.20000000000004547;0.165;0.3;-3.1675805870953355
0.1500000000000341;0.165;0.3;-3.160986930209923
0.1500000000000341;0.165;0.3;-3.154357280233906
0.25000000000005684;0.165;0.3;-3.1438450477519413
0.25000000000005684;0.165;0.3;-3.1343954838750636
0.20000000000004547;0.165;0.3;-3.126917102642725
0.20000000000004547;0.165;0.3;-3.117314109417971
0.25000000000005684;0.165;0.3;-3.10615438568566
0.25000000000005684;0.165;0.3;-3.0963929804898647
0.20000000000004547;0.165;0.3;-3.089434879318885
0.20000000000004547;0.165;0.3;-3.081003812756615
0.3500000000000796;0.165;0.3;-3.0667174366924144
0.1500000000000341;0.165;0.3;-3.060610218891778
0.25000000000005684;0.165;0.3;-3.050239508100641
0.10000000000002274;0.165;0.3;-3.046082893566642
0.25000000000005684;0.165;0.3;-3.035594173864192
0.20000000000004547;0.165;0.3;-3.0270326530162324
0.20000000000004547;0.165;0.3;-3.0179509925901113
0.20000000000004547;0.165;0.3;-3.00894412181634
0.3000000000000682;0.165;0.3;-2.996642163348172
0.20000000000004547;0.165;0.3;-2.989208712939225
0.25000000000005684;0.165;0.3;-2.9784512012010462
0.20000000000004547;0.165;0.3;-2.9715782358017577
0.20000000000004547;0.165;0.3;-2.9627969206448594
0.1500000000000341;0.165;0.3;-2.956183130697428
0.20000000000004547;0.165;0.3;-2.9470408968649675
0.20000000000004547;0.165;0.3;-2.937962948234662
0.25000000000005684;0.165;0.3;-2.926366580781706
0.25000000000005684;0.165;0.3;-2.91581126749568
0.20000000000004547;0.165;0.3;-2.9068797045881625
0.20000000000004547;0.165;0.3;-2.8983822285252856
0.20000000000004547;0.165;0.3;-2.8902985492977527
0.20000000000004547;0.165;0.3;-2.882626421646641
0.20000000000004547;0.165;0.3;-2.875014925791387
0.20000000000004547;0.165;0.3;-2.867796937011569
0.3000000000000682;0.165;0.3;-2.8573516588108223
0.20000000000004547;0.165;0.3;-2.8480706631266486
0.20000000000004547;0.165;0.3;-2.8399797683239
0.20000000000004547;0.165;0.3;-2.831740359175814
0.20000000000004547;0.165;0.3;-2.8245311880851816
0.1500000000000341;0.165;0.3;-2.8195771278163595
0.20000000000004547;0.165;0.3;-2.813186196948216
0.1500000000000341;0.165;0.3;-2.80841863969072
0.3000000000000682;0.165;0.3;-2.7992554451699285
0.20000000000004547;0.165;0.3;-2.7931282199626195
0.25000000000005684;0.165;0.3;-2.7851502902965075
0.1500000000000341;0.165;0.3;-2.780463374302831
0.25000000000005684;0.165;0.3;-2.772531500458805
0.1500000000000341;0.165;0.3;-2.767890514324979
0.25000000000005684;0.165;0.3;-2.760029366628117
0.25000000000005684;0.165;0.3;-2.7518947700707055
0.20000000000004547;0.165;0.3;-2.7452996570239363
0.25000000000005684;0.165;0.3;-2.737760296966243
0.20000000000004547;0.165;0.3;-2.7315892883092894
0.1500000000000341;0.165;0.3;-2.726997948120965
0.20000000000004547;0.165;0.3;-2.720768054529039
0.20000000000004547;0.165;0.3;-2.7145672712758016
0.25000000000005684;0.165;0.3;-2.7069123529694155
0.3000000000000682;0.165;0.3;-2.6974739735753857
0.20000000000004547;0.165;0.3;-2.6912347617101195
0.25000000000005684;0.165;0.3;-2.683209048758906
0.20000000000004547;0.165;0.3;-2.6771375835804316
0.1500000000000341;0.165;0.3;-2.672573961017967
0.20000000000004547;0.165;0.3;-2.6664962016463973
0.20000000000004547;0.165;0.3;-2.6601682166574565
0.20000000000004547;0.165;0.3;-2.653742157056773
0.3000000000000682;0.165;0.3;-2.643973560866292
0.1500000000000341;0.165;0.3;-2.638678463554019
0.1500000000000341;0.165;0.3;-2.633162856265208
0.20000000000004547;0.165;0.3;-2.6256122302896503
0.20000000000004547;0.165;0.3;-2.617873179319043
0.25000000000005684;0.165;0.3;-2.6079736939548597
0.1500000000000341;0.165;0.3;-2.601904676294742
0.25000000000005684;0.165;0.3;-2.591534817369823
0.20000000000004547;0.165;0.3;-2.583085003519674
0.20000000000004547;0.165;0.3;-2.5745272546199596
0.1500000000000341;0.165;0.3;-2.568075844333686
0.20000000000004547;0.165;0.3;-2.559440343286472
0.10000000000002274;0.165;0.3;-2.5551091941848805
0.20000000000004547;0.165;0.3;-2.5464624474408657
0.20000000000004547;0.165;0.3;-2.53780668050726
0.20000000000004547;0.165;0.3;-2.5285843654858793
0.20000000000004547;0.165;0.3;-2.5196073024592516
0.20000000000004547;0.165;0.3;-2.5106192936945533
0.20000000000004547;0.165;0.3;-2.5016319059996914
0.1500000000000341;0.165;0.3;-2.4954275732111557
0.20000000000004547;0.165;0.3;-2.4867183872476253
0.1500000000000341;0.165;0.3;-2.4801628120467036
0.20000000000004547;0.165;0.3;-2.471579199056438
0.20000000000004547;0.165;0.3;-2.4628238519367454
0.20000000000004547;0.165;0.3;-2.4537754157296305
0.20000000000004547;0.165;0.3;-2.4450606444354284
0.20000000000004547;0.165;0.3;-2.436219916233218
0.25000000000005684;0.165;0.3;-2.4253727437740253
0.20000000000004547;0.165;0.3;-2.416651481641491
0.20000000000004547;0.165;0.3;-2.407891072993025
0.1500000000000341;0.165;0.3;-2.401849282548532
0.3000000000000682;0.165;0.3;-2.3895179003039417
0.20000000000004547;0.165;0.3;-2.3805883539862123
0.1500000000000341;0.165;0.3;-2.373748662030973
0.25000000000005684;0.165;0.3;-2.362515645781349
0.20000000000004547;0.165;0.3;-2.353543505424193
0.20000000000004547;0.0;0.0;-2.3520553029061357
0.20000000000004547;0.4;-0.4;-2.397413241790532
0.20000000000004547;0.4;-0.4;-2.442344438380114
0.3000000000000682;0.4;-0.4;-2.5103136166178697
0.25000000000005684;0.4;-0.4;-2.566694397186648
0.1500000000000341;0.4;-0.4;-2.600812645229055
0.20000000000004547;0.4;-0.4;-2.6473059254084563
0.1500000000000341;0.4;-0.4;-2.6824074106297973
0.1500000000000341;0.4;-0.4;-2.7175069546858888
0.20000000000004547;0.4;-0.4;-2.763104525353187
0.25000000000005684;0.3758;-0.3758;-2.8165557456209562
0.25000000000005684;0.3224;-0.3224;-2.864362693411444
0.1500000000000341;0.2746;-0.2746;-2.8879191531073807
0.20000000000004547;0.251;-0.251;-2.9164404596198854
0.20000000000004547;0.2225;-0.2225;-2.942329459391707
0.20000000000004547;0.1966;-0.1966;-2.9669655308599343
0.20000000000004547;0.172;-0.172;-2.9884842570621406
0.20000000000004547;0.1505;-0.1505;-3.0073429423675924
0.3000000000000682;0.1316;-0.1316;-3.032077062443443
0.25000000000005684;0.1069;-0.1069;-3.0488127889204737
0.1500000000000341;0.0901;-0.0901;-3.057215852289273
0.20000000000004547;0.0817;-0.0817;-3.0673916034378794
0.20000000000004547;0.0716;-0.0716;-3.0762921180380225
0.20000000000004547;0.0626;-0.0626;-3.084078643101527
0.20000000000004547;0.0549;-0.0549;-3.090892845219778
0.20000000000004547;0.05;-0.05;-3.097102678345432
0.20000000000004547;0.05;-0.05;-3.103311725585454
0.25000000000005684;0.05;-0.05;-3.111123628673376
0.1500000000000341;0.05;-0.05;-3.1157873105192517
0.20000000000004547;0.05;-0.05;-3.1220363002316667
0.1500000000000341;0.05;-0.05;-3.1266996444317177
0.20000000000004547;0.05;-0.05;-3.1329212350827316
0.20000000000004547;0.0;0.0;-3.13291977447161
0.20000000000004547;0.8;0.8;-3.123143338557261
0.25000000000005684;0.8978;0.7022;-3.135900326053575
0.3000000000000682;0.7702;0.8298;-3.1285688992277496
0.20000000000004547;0.8435;0.7565;-3.1328475062097816
0.20000000000004547;0.8007;0.7993;-3.131413087612084
0.3000000000000682;0.8151;0.7849;-3.1347508564549513
0.1500000000000341;0.7817;0.8183;-3.1322478904811897
0.1500000000000341;0.8067;0.7933;-3.131666632955522
0.25000000000005684;0.8125;0.7875;-3.1316526390671826
0.20000000000004547;0.8127;0.7873;-3.1317838478025655
0.25000000000005684;0.8114;0.7886;-3.1314954135442616
0.20000000000004547;0.8143;0.7857;-3.1317838796109703
0.1500000000000341;0.8114;0.7886;-3.132929141511998
0.20000000000004547;0.7999;0.8001;-3.1343700893311066
0.20000000000004547;0.7855;0.8145;-3.132154550510939
0.20000000000004547;0.8077;0.7923;-3.132184829314951
0.20000000000004547;0.8074;0.7926;-3.1321990785904568
0.3000000000000682;0.8072;0.7928;-3.131273675949453
0.20000000000004547;0.8165;0.7835;-3.1327700904527567
0.20000000000004547;0.8015;0.7985;-3.134545421439759
0.25000000000005684;0.7838;0.8162;-3.1310096676037174
0.20000000000004547;0.8191;0.7809;-3.1327640756301944
0.1500000000000341;0.8016;0.7984;-3.1332026712577146
0.20000000000004547;0.7972;0.8028;-3.134206010795496
0.20000000000004547;0.7872;0.8128;-3.133350967741057
0.3000000000000682;0.7957;0.8043;-3.1348819271088284
0.25000000000005684;0.7804;0.8196;-3.13023260138765
0.25000000000005684;0.8269;0.7731;-3.1332480484929155
0.25000000000005684;0.7967;0.8033;-3.1337100716355444
0.25000000000005684;0.7921;0.8079;-3.1337747083785428
0.20000000000004547;0.7915;0.8085;-3.132176531863108
0.25000000000005684;0.8074;0.7926;-3.133515855499028
0.3000000000000682;0.7941;0.8059;-3.1322594528474355
0.25000000000005684;0.8066;0.7934;-3.1320555882533982
0.20000000000004547;0.8087;0.7913;-3.1315156302032148
0.25000000000005684;0.8141;0.7859;-3.132840835350145
0.25000000000005684;0.8008;0.7992;-3.1329867623881222
0.20000000000004547;0.7993;0.8007;-3.132508226636925
0.20000000000004547;0.8041;0.7959;-3.1315050790280803
0.1500000000000341;0.8142;0.7858;-3.132680834394878
0.3500000000000796;0.8024;0.7976;-3.1334289516702984
0.1500000000000341;0.7949;0.8051;-3.1329326072676547
0.1500000000000341;0.7999;0.8001;-3.1316503219528578
0.25000000000005684;0.8127;0.7873;-3.1334147580477403
0.20000000000004547;0.7951;0.8049;-3.133427005071214
0.1500000000000341;0.7949;0.8051;-3.133436079666243
0.20000000000004547;0.7949;0.8051;-3.1328974031651655
0.20000000000004547;0.8002;0.7998;-3.131282280353813
0.4500000000001023;0.8164;0.7836;-3.1322532536257364
0.10000000000002274;0.8067;0.7933;-3.13234116599345
0.20000000000004547;0.8058;0.7942;-3.1328112532703023
0.25000000000005684;0.8011;0.7989;-3.134915538494201
0.10000000000002274;0.7801;0.8199;-3.13365289403291
0.25000000000005684;0.7927;0.8073;-3.134463894941245
0.1500000000000341;0.7846;0.8154;-3.1339232754220245
0.1500000000000341;0.7846;0.8154;-3.1337334122242697
0.20000000000004547;-0.4;-0.4;-3.1336652674226975
0.25000000000005684;-0.4;-0.4;-3.13322402243467
0.1500000000000341;-0.4;-0.4;-3.1330949251008184
0.25000000000005684;-0.4;-0.4;-3.132907256936651
0.1500000000000341;-0.4;-0.4;-3.133143806218257
0.20000000000004547;-0.4;-0.4;-3.134705324104492
0.25000000000005684;-0.4;-0.4;-3.1366656799007924
0.25000000000005684;-0.4;-0.4;-3.1386010363440726
0.3000000000000682;-0.4;-0.4;-3.1409288465641225
0.25000000000005684;-0.4;-0.4;-3.1423767905471918
0.20000000000004547;-0.4;-0.4;-3.143879081692801
0.25000000000005684;-0.4;-0.4;-3.1429972176405387
0.25000000000005684;-0.4;-0.4;-3.144746344086346
0.20000000000004547;-0.4;-0.4;-3.1461586460841984
0.20000000000004547;-0.4;-0.4;-3.1474288235377412
0.20000000000004547;-0.4;-0.4;-3.1484576140568454
0.20000000000004547;-0.4;-0.4;-3.149303158967035
0.25000000000005684;-0.4;-0.4;-3.1498318626041857
0.1500000000000341;-0.4;-0.4;-3.1503507620504076
0.20000000000004547;-0.4;-0.4;-3.151099197814614
0.25000000000005684;-0.4;-0.4;-3.152558351726212
0.20000000000004547;-0.4;-0.4;-3.153929878782822
0.1500000000000341;-0.4;-0.4;-3.155068373986965
0.25000000000005684;-0.4;-0.4;-3.156956530225619
0.20000000000004547;-0.4;-0.4;-3.1577672451909526
0.20000000000004547;-0.4;-0.4;-3.159068721058961
0.20000000000004547;-0.4;-0.4;-3.160610426163734
0.20000000000004547;-0.4;-0.4;-3.1617256001957825
0.20000000000004547;-0.4;-0.4;-3.1607447062558562
0.1500000000000341;-0.4;-0.4;-3.1596509558279977
0.25000000000005684;-0.4;-0.4;-3.1612334778793607
0.3000000000000682;-0.4;-0.4;-3.1629571382707615
0.20000000000004547;-0.4;-0.4;-3.163822692755586
0.1500000000000341;-0.4;-0.4;-3.163670978027086
0.25000000000005684;-0.4;-0.4;-3.1656262610316195
0.20000000000004547;-0.4;-0.4;-3.1656889634171446
0.20000000000004547;0.8;-0.2;-3.1906999386164694
0.20000000000004547;0.8;-0.2;-3.2497811545942072
0.1500000000000341;0.8;-0.2;-3.29407562029148
0.3500000000000796;0.8;-0.2;-3.397843938194421
0.20000000000004547;0.8;-0.2;-3.459675456565181
0.25000000000005684;0.8;-0.2;-3.5364304774124897
0.20000000000004547;0.8;-0.2;-3.5984636614548795
0.10000000000002274;0.8;-0.2;-3.629385227406661
0.25000000000005684;0.8;-0.2;-3.702992916270261
0.10000000000002274;0.8;-0.2;-3.7320568967555907
0.20000000000004547;0.8;-0.2;-3.790966457546296
0.3000000000000682;0.8;-0.2;-3.880653471344355
0.1500000000000341;0.8;-0.2;-3.9251927006542635
0.20000000000004547;0.8;-0.2;-3.986355717339955
0.1500000000000341;0.8;-0.2;-4.032316409210427
0.20000000000004547;0.8;-0.2;-4.09559200996871
0.25000000000005684;0.8;-0.2;-4.174520883994099
0.10000000000002274;0.8;-0.2;-4.206059144151484
0.20000000000004547;0.8;-0.2;-4.270216051579435
0.25000000000005684;0.8;-0.2;-4.349215205336644
0.25000000000005684;0.8;-0.2;-4.423759066250354
0.20000000000004547;0.8;-0.2;-4.483369223184479
0.1500000000000341;0.8;-0.2;-4.5288027646255085
0.20000000000004547;0.8;-0.2;-4.588821011095702
0.1500000000000341;0.8;-0.2;-4.633863265544314
0.20000000000004547;0.8;-0.2;-4.693745523509564
0.25000000000005684;0.8;-0.2;-4.768903947185386
0.25000000000005684;0.8;-0.2;-4.843233328694662
0.1500000000000341;0.8;-0.2;-4.888167193388715
0.20000000000004547;0.8;-0.2;-4.948250348499421
0.20000000000004547;0.7964;-0.1991;-5.007325486909804
0.1500000000000341;0.7609;-0.1902;-5.049570037320804
0.20000000000004547;0.7356;-0.1839;-5.105398953420453
0.20000000000004547;0.7021;-0.1755;-5.1578151220042745
0.25000000000005684;0.6706;-0.1677;-5.220428149287176
0.3000000000000682;0.6331;-0.1583;-5.292896237842402
0.20000000000004547;0.5896;-0.1474;-5.337352994366276
0.20000000000004547;0.5629;-0.1407;-5.380387076088807
0.25000000000005684;0.5371;-0.1343;-5.431677128768809
0.20000000000004547;0.5063;-0.1266;-5.470613612743843
0.1500000000000341;0.4829;-0.1207;-5.498614391498215
0.20000000000004547;0.4661;-0.1165;-5.535011034936258
0.20000000000004547;0.4443;-0.1111;-5.5695307893626484
0.3500000000000796;0.4236;-0.1059;-5.62747423179996
0.20000000000004547;0.3888;-0.0972;-5.6576505654593445
0.1500000000000341;0.3707;-0.0927;-5.6793847614024635
0.20000000000004547;0.3577;-0.0894;-5.707404384127539
0.1500000000000341;0.3409;-0.0852;-5.727411410828385
0.20000000000004547;0.3289;-0.0822;-5.752938749216255
0.1500000000000341;0.3135;-0.0784;-5.771049032073069
0.20000000000004547;0.3027;-0.0757;-5.794295902663654
0.25000000000005684;0.2887;-0.0722;-5.821852472045184
0.20000000000004547;0.2722;-0.068;-5.842521451026845
0.20000000000004547;0.2598;-0.0649;-5.862378237950778
0.20000000000004547;0.2479;-0.062;-5.881177581398143
0.1500000000000341;0.2366;-0.0592;-5.894632837974792
0.25000000000005684;0.2285;-0.0571;-5.916293041279622
0.20000000000004547;0.2155;-0.0539;-5.93189004651778
0.3500000000000796;0.2062;-0.0515;-5.958845238062809
0.1500000000000341;0.19;-0.0475;-5.969397157683034
0.20000000000004547;0.1837;-0.0459;-5.983011139034448
0.10000000000002274;0.1755;-0.0439;-5.989497671075783
0.1500000000000341;0.1716;-0.0429;-5.999345814622418
0.20000000000004547;0.1657;-0.0414;-6.012023312318484
0.20000000000004547;0.1581;-0.0395;-6.024119138932034
0.20000000000004547;0.1508;-0.0377;-6.035658580550962
0.20000000000004547;0.1439;-0.036;-6.046669401141886
0.3000000000000682;0.1373;-0.0343;-6.062288182127475
0.20000000000004547;0.1279;-0.032;-6.072043780878935
0.20000000000004547;0.1221;-0.0305;-6.081355585437779
0.20000000000004547;0.1165;-0.0291;-6.090295743687647
0.25000000000005684;0.1111;-0.0278;-6.100917923894631
0.20000000000004547;0.1048;-0.0262;-6.108873393348981
0.25000000000005684;0.1;-0.025;-6.118268493889662
0.25000000000005684;0.0943;-0.0236;-6.127180900170011
0.3000000000000682;0.089;-0.0223;-6.13728630671038
0.25000000000005684;0.0829;-0.0207;-6.145145374778369
0.20000000000004547;0.0782;-0.0196;-6.151061949163718
0.25000000000005684;0.0747;-0.0187;-6.158102549381931
0.20000000000004547;0.0704;-0.0176;-6.163270242340389
0.20000000000004547;0.0673;-0.0168;-6.168315730712848
0.20000000000004547;0.0643;-0.0161;-6.1731023335925075
0.40000000000009095;0.0614;-0.0154;-6.18211352416801
0.20000000000004547;0.056;-0.014;-6.186284254370213
0.20000000000004547;0.0535;-0.0134;-6.190268807647266
0.20000000000004547;0.0511;-0.0128;-6.194066825472284
0.20000000000004547;0.0489;-0.0122;-6.197727286977973
0.1500000000000341;0.0467;-0.0117;-6.200348430445666
0.1500000000000341;0.0451;-0.0113;-6.2028839251241745
0.20000000000004547;0.0436;-0.0109;-6.2061884862591326
0.3500000000000796;0.0416;-0.0104;-6.211681438398967
0.25000000000005684;0.0383;-0.0096;-6.215290867510839
0.1500000000000341;0.0361;-0.009;-6.217322803762595
0.20000000000004547;0.0349;-0.0087;-6.219970862403599
0.20000000000004547;0.0333;-0.0083;-6.222469038544209
0.1500000000000341;0.0318;-0.008;-6.224263440892811
0.20000000000004547;0.0308;-0.0077;-6.226581716466575
0.20000000000004547;0.0294;-0.0073;-6.228797001318983
0.25000000000005684;0.028;-0.007;-6.231438286429221
0.20000000000004547;0.0264;-0.0066;-6.233433733110833
0.1500000000000341;0.0252;-0.0063;-6.23485127871117
0.20000000000004547;0.0244;-0.0061;-6.236700646496076
0.25000000000005684;0.0233;-0.0058;-6.23887978216769
0.1500000000000341;0.022;-0.0055;-6.2401296065851355
0.20000000000004547;0.0212;-0.0053;-6.241731500061378
0.1500000000000341;0.0203;-0.0051;-6.242881183467863
0.20000000000004547;0.02;-0.005;-6.244399659221804
0.25000000000005684;0.02;-0.005;-6.246292133182046
0.20000000000004547;0.02;-0.005;-6.247822573904555
0.1500000000000341;0.02;-0.005;-6.248980493945725
0.20000000000004547;0.02;-0.005;-6.250509709450564
0.20000000000004547;0.02;-0.005;-6.252031877713297
0.20000000000004547;0.02;-0.005;-6.253546359665388
0.1500000000000341;0.02;-0.005;-6.254709361875522
0.3000000000000682;0.02;-0.005;-6.257034080128647
0.25000000000005684;0.02;-0.005;-6.258951752839058
0.20000000000004547;0.02;-0.005;-6.260489530755138
0.1500000000000341;0.02;-0.005;-6.261650360053575
0.25000000000005684;0.02;-0.005;-6.26359042452453
0.20000000000004547;0.02;-0.005;-6.265119534064612
0.20000000000004547;0.02;-0.005;-6.266642170626287
0.25000000000005684;0.0;0.0;-6.26664546769369
0.3500000000000796;0.8887;0.7113;-6.285332001914451
0.20000000000004547;0.7018;0.8982;-6.271116597321909
0.20000000000004547;0.844;0.756;-6.275622663715141
0.20000000000004547;0.7989;0.8011;-6.273953368313385
0.1500000000000341;0.8156;0.7844;-6.275178696482298
0.1500000000000341;0.8034;0.7966;-6.27481747460617
0.25000000000005684;0.807;0.793;-6.273963139153937
0.1500000000000341;0.8155;0.7845;-6.274821383226938
0.25000000000005684;0.8069;0.7931;-6.276225653979518
0.25000000000005684;0.7929;0.8071;-6.276569223596382
0.25000000000005684;0.7895;0.8105;-6.2757628434024415
0.1500000000000341;0.7975;0.8025;-6.274753879207905
0.1500000000000341;0.8076;0.7924;-6.274880578571297
0.20000000000004547;0.8064;0.7936;-6.275260459372939
0.1500000000000341;0.8026;0.7974;-6.275663139842396
0.25000000000005684;0.7985;0.8015;-6.275440707104952
0.20000000000004547;0.8008;0.7992;-6.275966462089028
0.25000000000005684;0.7955;0.8045;-6.277304425297648
0.20000000000004547;0.7821;0.8179;-6.276610764236381
0.3000000000000682;0.7891;0.8109;-6.2724955890914105
0.1500000000000341;0.8302;0.7698;-6.275716280909161
0.20000000000004547;0.798;0.802;-6.276299761250999
0.20000000000004547;0.7922;0.8078;-6.276099872883442
0.25000000000005684;0.7942;0.8058;-6.275281790428528
0.25000000000005684;0.8023;0.7977;-6.275086682028538
0.25000000000005684;0.8043;0.7957;-6.27740290149327
0.20000000000004547;0.7811;0.8189;-6.274547337518817
0.20000000000004547;0.8097;0.7903;-6.275888089398961
0.1500000000000341;0.7963;0.8037;-6.275854119197898
0.20000000000004547;0.7966;0.8034;-6.275384176370873
0.20000000000004547;0.8013;0.7987;-6.274780060216753
0.20000000000004547;0.8074;0.7926;-6.2747631601276295
0.20000000000004547;0.8075;0.7925;-6.2749216132506005
0.3000000000000682;0.8059;0.7941;-6.2756317009339435
0.20000000000004547;0.7988;0.8012;-6.27553896923819
0.20000000000004547;0.7998;0.8002;-6.275554603820539
0.20000000000004547;0.7996;0.8004;-6.275396914595038
0.25000000000005684;0.8012;0.7988;-6.273960818488063
0.20000000000004547;0.8156;0.7844;-6.277611708389277
0.20000000000004547;0.779;0.821;-6.274795361534799
0.3000000000000682;0.8072;0.7928;-6.27357253913882
0.20000000000004547;0.8194;0.7806;-6.274988800539469
0.20000000000004547;0.8053;0.7947;-6.276537122622515
0.25000000000005684;0.7898;0.8102;-6.273237741250325
0.20000000000004547;0.8228;0.7772;-6.276620080233866
0.20000000000004547;0.789;0.811;-6.2748686254623225
0.1500000000000341;0.8065;0.7935;-6.275335121383422
0.20000000000004547;0.8018;0.7982;-6.274239243629692
0.20000000000004547;0.8128;0.7872;-6.275118629285274
0.3500000000000796;0.804;0.796;-6.277672316162192
0.20000000000004547;0.7784;0.8216;-6.275462910094656
0.20000000000004547;0.8005;0.7995;-6.275108230223513
0.20000000000004547;0.8041;0.7959;-6.274501073272969
0.20000000000004547;0.8101;0.7899;-6.274596785716645
0.25000000000005684;0.8092;0.7908;-6.274801413789903
0.1500000000000341;0.8071;0.7929;-6.275599712887422
0.25000000000005684;0.7992;0.8008;-6.276972872697679
0.20000000000004547;0.7854;0.8146;-6.275951675497505
0.25000000000005684;0.7956;0.8044;-6.273407822439068
0.25000000000005684;0.8211;0.7789;-6.276862463486934
0.20000000000004547;0.7865;0.8135;-6.27575486898659
0.20000000000004547;0.7976;0.8024;-6.274286287966375
0.1500000000000341;0.8123;0.7877;-6.275456715406282
0.1500000000000341;0.8006;0.7994;-6.2756864337428215
0.3000000000000682;0.7983;0.8017;-6.27354134508397
0.20000000000004547;0.8197;0.7803;-6.276101596569279
0.20000000000004547;0.7941;0.8059;-6.274938543245069
0.20000000000004547;0.8058;0.7942;-6.2749870666625105
0.1500000000000341;0.8053;0.7947;-6.274268561952267
0.20000000000004547;0.8125;0.7875;-6.274479550556174
0.1500000000000341;0.8104;0.7896;-6.274167569325932
0.20000000000004547;0.8135;0.7865;-6.274246772163523
0.20000000000004547;0.8127;0.7873;-6.2742954196975536
0.1500000000000341;0.8122;0.7878;-6.2747002013696545
0.25000000000005684;0.8082;0.7918;-6.277780888619982
0.20000000000004547;0.7774;0.8226;-6.275152037209791
0.20000000000004547;0.8036;0.7964;-6.276853710277902
0.25000000000005684;0.7866;0.8134;-6.275830521463139
0.1500000000000341;0.7969;0.8031;-6.276401879044275
0.20000000000004547;0.7911;0.8089;-6.276473792942999
0.3000000000000682;0.7904;0.8096;-6.27664035748808
0.25000000000005684;0.7888;0.8112;-6.276843389270082
0.25000000000005684;0.7867;0.8133;-6.2767954479084604
0.25000000000005684;0.7872;0.8128;-6.274458366268579
0.1500000000000341;0.8106;0.7894;-6.275782284986101
0.20000000000004547;0.7973;0.8027;-6.27682814619142
0.20000000000004547;0.7869;0.8131;-6.2767783230175285
0.25000000000005684;0.7874;0.8126;-6.275121472804344
0.3000000000000682;0.8039;0.7961;-6.27374847195126
0.25000000000005684;0.8177;0.7823;-6.276974241912553
0.20000000000004547;0.7854;0.8146;-6.274425198404518
0.20000000000004547;0.8109;0.7891;-6.2746970104792625
0.20000000000004547;0.8082;0.7918;-6.27429957335534
0.20000000000004547;0.8122;0.7878;-6.274811113621872
0.25000000000005684;0.807;0.793;-6.274673444539865
0.3000000000000682;0.8084;0.7916;-6.27407008098189
0.3000000000000682;0.8145;0.7855;-6.274709145750004
0.20000000000004547;0.8081;0.7919;-6.275112924895376
0.20000000000004547;0.804;0.796;-6.275644576392416
0.1500000000000341;0.7987;0.8013;-6.275624681760426
0.20000000000004547;0.7989;0.8011;-6.2740799604359685
0.20000000000004547;0.8144;0.7856;-6.2756828058559915
0.20000000000004547;0.7983;0.8017;-6.276437108419875
0.20000000000004547;0.7908;0.8092;-6.276749260066141
0.25000000000005684;0.7877;0.8123;-6.276398255798161
0.20000000000004547;0.7912;0.8088;-6.274056467232307
0.25000000000005684;0.8146;0.7854;-6.2752131299221
0.1500000000000341;0.803;0.797;-6.27514871861966
0.20000000000004547;0.8037;0.7963;-6.274153351203758
0.1500000000000341;0.8136;0.7864;-6.274839719570063
0.20000000000004547;0.8068;0.7932;-6.2744217847811194
0.20000000000004547;0.8109;0.7891;-6.274921039613702
0.25000000000005684;0.8059;0.7941;-6.273955781708164
0.20000000000004547;0.8156;0.7844;-6.274466043327449
0.1500000000000341;0.8105;0.7895;-6.274306564456595
0.20000000000004547;0.8121;0.7879;-6.274291094752647
0.1500000000000341;0.8122;0.7878;-6.274308675453962
0.20000000000004547;0.8121;0.7879;-6.274514464310448
0.20000000000004547;0.81;0.79;-6.27494699094888
0.20000000000004547;0.8057;0.7943;-6.274174053455482
0.3000000000000682;0.8134;0.7866;-6.274492396975169
0.20000000000004547;0.8102;0.7898;-6.274472241880795
0.25000000000005684;0.8104;0.7896;-6.274411087664818
0.20000000000004547;0.811;0.789;-6.274313656096966
0.20000000000004547;0.812;0.788;-6.274217831849002
0.20000000000004547;0.813;0.787;-6.27419548004385
0.25000000000005684;0.8132;0.7868;-6.274545782472009
0.1500000000000341;0.8097;0.7903;-6.27458611399983
0.3500000000000796;0.8093;0.7907;-6.274473616632369
0.1500000000000341;0.8104;0.7896;-6.274350601002305
0.25000000000005684;0.8117;0.7883;-6.274259679642772
0.20000000000004547;0.8126;0.7874;-6.274293176170739
0.20000000000004547;0.8122;0.7878;-6.274387837637604
0.25000000000005684;0.8113;0.7887;-6.274234036246462
0.20000000000004547;0.8128;0.7872;-6.2743440616327995
0.1500000000000341;0.8117;0.7883;-6.274283878097895
0.3500000000000796;0.8123;0.7877;-6.274491705948509
0.20000000000004547;0.8102;0.7898;-6.275019343686247
0.1500000000000341;0.805;0.795;-6.275486132307596
0.20000000000004547;0.8003;0.7997;-6.275505998616984
0.20000000000004547;0.8001;0.7999;-6.274394077543201
0.20000000000004547;0.8112;0.7888;-6.2755389012572484
0.20000000000004547;0.7998;0.8002;-6.274695543062378
0.20000000000004547;0.8082;0.7918;-6.274424686378753
0.25000000000005684;0.8109;0.7891;-6.274288727573115
0.20000000000004547;0.8123;0.7877;-6.274322388058631
0.20000000000004547;0.8119;0.7881;-6.274309941875171
0.20000000000004547;0.8121;0.7879;-6.274306686125332
0.1500000000000341;0.8121;0.7879;-6.274649600168423
0.1500000000000341;-0.4;-0.4;-6.275049374076985
0.1500000000000341;-0.4;-0.4;-6.274200230180995
0.25000000000005684;-0.4;-0.4;-6.272423491494572
0.20000000000004547;-0.4;-0.4;-6.271030409119145
0.20000000000004547;-0.4;-0.4;-6.269549829671431
0.1500000000000341;-0.4;-0.4;-6.268494509684561
0.20000000000004547;-0.4;-0.4;-6.267080861334126
0.20000000000004547;-0.4;-0.4;-6.2656513080382
0.1500000000000341;-0.4;-0.4;-6.264693364740175
0.20000000000004547;-0.4;-0.4;-6.263301562690655
0.1500000000000341;-0.4;-0.4;-6.262222957979234
0.1500000000000341;-0.4;-0.4;-6.261255317076756
0.3000000000000682;-0.4;-0.4;-6.2590438134127995
0.20000000000004547;-0.4;-0.4;-6.2575336469746805
0.20000000000004547;-0.4;-0.4;-6.25609950824615
0.1500000000000341;-0.4;-0.4;-6.255003755300085
0.1500000000000341;-0.4;-0.4;-6.253773768218314
0.20000000000004547;-0.4;-0.4;-6.252530219483578
0.20000000000004547;-0.4;-0.4;-6.251239726374487
0.20000000000004547;-0.4;-0.4;-6.250297170549056
0.3000000000000682;-0.4;-0.4;-6.249225902098037
0.20000000000004547;-0.4;-0.4;-6.24883278790197
0.20000000000004547;-0.4;-0.4;-6.248308547278138
0.1500000000000341;-0.4;-0.4;-6.247640713016253
0.20000000000004547;-0.4;-0.4;-6.246649561180521
0.25000000000005684;-0.4;-0.4;-6.24506772085687
0.1500000000000341;-0.4;-0.4;-6.244044527485055
0.3000000000000682;-0.4;-0.4;-6.241886574388461
0.20000000000004547;-0.4;-0.4;-6.240351760830552
0.1500000000000341;-0.4;-0.4;-6.239295376609107
0.20000000000004547;-0.4;-0.4;-6.237808314567384
0.25000000000005684;-0.4;-0.4;-6.236129415097759
0.20000000000004547;-0.4;-0.4;-6.234644288035982
0.25000000000005684;-0.4;-0.4;-6.23304382071301
0.25000000000005684;-0.4;-0.4;-6.2312063135329305
0.3500000000000796;-0.4;-0.4;-6.232212702094568
0.20000000000004547;-0.4;-0.4;-6.231265527027774
0.25000000000005684;-0.4;-0.4;-6.233075980289687
0.20000000000004547;-0.4;-0.4;-6.233568993879895
0.20000000000004547;-0.2;0.8;-6.190772018811442
0.20000000000004547;-0.2;0.8;-6.133351312814271
0.25000000000005684;-0.2;0.8;-6.059629040706504
0.25000000000005684;-0.2;0.8;-5.988364818186752
0.1500000000000341;-0.2;0.8;-5.945472760454272
0.1500000000000341;-0.2;0.8;-5.903352533216652
0.25000000000005684;-0.2;0.8;-5.834137034700088
0.20000000000004547;-0.2;0.8;-5.77895152413845
0.25000000000005684;-0.2;0.8;-5.709594315142637
0.20000000000004547;-0.2;0.8;-5.649780229104965
0.10000000000002274;-0.2;0.8;-5.619879698473752
0.3500000000000796;-0.2;0.8;-5.5147377598125225
0.1500000000000341;-0.2;0.8;-5.469261444051771
0.25000000000005684;-0.2;0.8;-5.3955185393181
0.20000000000004547;-0.2;0.8;-5.336637853813388
0.20000000000004547;-0.2;0.8;-5.27618764630428
0.20000000000004547;-0.2;0.8;-5.217894263580623
0.25000000000005684;-0.2;0.8;-5.145730550618753
0.3000000000000682;-0.2;0.8;-5.054972012901481
0.10000000000002274;-0.2;0.8;-5.023381799865985
0.3000000000000682;-0.2;0.8;-4.934984691065419
0.25000000000005684;-0.2;0.8;-4.857931236300131
0.20000000000004547;-0.2;0.8;-4.796397247099495
0.1500000000000341;-0.2;0.8;-4.751259376824416
0.1500000000000341;-0.2;0.8;-4.706653788840777
0.20000000000004547;-0.2;0.8;-4.646519403389622
0.25000000000005684;-0.2;0.8;-4.57211014478485
0.20000000000004547;-0.2;0.8;-4.512706641798864
0.1500000000000341;-0.2;0.8;-4.4673374333761915
0.25000000000005684;-0.2;0.8;-4.392816067876379
0.20000000000004547;-0.189;0.7561;-4.3356357872751765
0.1500000000000341;-0.1804;0.7218;-4.294513107701985
0.25000000000005684;-0.1743;0.6971;-4.229444600144254
0.25000000000005684;-0.1645;0.658;-4.167869909581471
0.25000000000005684;-0.1553;0.6211;-4.1101185487664065
0.25000000000005684;-0.1466;0.5864;-4.055605440968518
0.1500000000000341;-0.1384;0.5537;-4.024516396960266
0.20000000000004547;-0.1338;0.5351;-3.984569126538717
0.2500000000000284;-0.1278;0.5111;-3.936420388573953
0.1500000000000341;-0.1206;0.4822;-3.909411701055659
0.20000000000004547;-0.1165;0.466;-3.874062036563095
0.1500000000000341;-0.1112;0.4448;-3.8490861745270437
0.25000000000005684;-0.1075;0.4298;-3.8083722876111383
0.20000000000004547;-0.1013;0.4054;-3.7775682915543847
0.1500000000000341;-0.0967;0.3869;-3.755933968464641
0.25000000000005684;-0.0935;0.3739;-3.7203257188352192
0.20000000000004547;-0.0881;0.3526;-3.693478151652764
0.20000000000004547;-0.0841;0.3365;-3.6675935966530595
0.20000000000004547;-0.0802;0.3209;-3.642861086677227
0.20000000000004547;-0.0765;0.3061;-3.6198980749536336
0.25000000000005684;-0.0731;0.2923;-3.592062972363262
0.1500000000000341;-0.0689;0.2756;-3.576344228709869
0.20000000000004547;-0.0665;0.2662;-3.5567772231490333
0.3000000000000682;-0.0636;0.2544;-3.5286461258981814
0.20000000000004547;-0.0594;0.2376;-3.51072145067584
0.25000000000005684;-0.0567;0.2268;-3.4885712764258097
0.20000000000004547;-0.0534;0.2135;-3.472574894237031
0.4500000000001023;-0.051;0.2039;-3.437516197267363
0.25000000000005684;-0.0457;0.1829;-3.420968041418853
0.20000000000004547;-0.0432;0.173;-3.4072659439761868
0.20000000000004547;-0.0412;0.1647;-3.394402963071821
0.20000000000004547;-0.0393;0.157;-3.382684290046298
0.20000000000004547;-0.0375;0.15;-3.37179254060185
0.25000000000005684;-0.0359;0.1434;-3.3582514270600914
0.20000000000004547;-0.0338;0.1353;-3.3475582745265804
0.3500000000000796;-0.0322;0.1289;-3.3310578452132664
0.25000000000005684;-0.0298;0.119;-3.3189669536271142
0.25000000000005684;-0.0279;0.1118;-3.3084086472641205
0.25000000000005684;-0.0264;0.1054;-3.2974995656124513
0.25000000000005684;-0.0247;0.0989;-3.287662392116793
0.20000000000004547;-0.0232;0.093;-3.2796034885397565
0.20000000000004547;-0.022;0.0881;-3.2723120661942158
0.25000000000005684;-0.0209;0.0838;-3.2636924873146564
0.20000000000004547;-0.0196;0.0786;-3.256794481269422
0.20000000000004547;-0.0186;0.0744;-3.2507198180051566
0.1500000000000341;-0.0177;0.0708;-3.246039485997172
0.20000000000004547;-0.017;0.068;-3.2403558169749673
0.1500000000000341;-0.0161;0.0646;-3.2360077764276407
0.20000000000004547;-0.0155;0.062;-3.2302088539344727
0.20000000000004547;-0.0146;0.0585;-3.226100632290192
0.25000000000005684;-0.014;0.056;-3.222005023234036
0.1500000000000341;-0.0134;0.0536;-3.218212969810195
0.20000000000004547;-0.0128;0.0513;-3.213520362051826
0.20000000000004547;-0.0121;0.0485;-3.2090354497977747
0.20000000000004547;-0.0114;0.0458;-3.205089347403381
0.3000000000000682;-0.0109;0.0434;-3.2010368205152377
0.20000000000004547;-0.0102;0.041;-3.198604429723436
0.20000000000004547;-0.0099;0.0395;-3.1945264948133394
0.3000000000000682;-0.0093;0.0371;-3.1888116640301085
0.20000000000004547;-0.0084;0.0337;-3.187386046729542
0.20000000000004547;-0.0082;0.0328;-3.186026336240021
0.20000000000004547;-0.008;0.032;-3.1847731624423172
0.20000000000004547;-0.0078;0.0312;-3.1821247333454243
0.20000000000004547;-0.0074;0.0296;-3.1787142011534737
0.10000000000002274;-0.0069;0.0276;-3.177279436049632
0.10000000000002274;-0.0067;0.0267;-3.175825746003513
0.3000000000000682;-0.0065;0.0259;-3.1718119809442786
0.10000000000002274;-0.0059;0.0235;-3.1706581174456856
0.20000000000004547;-0.0057;0.0228;-3.167731458335238
0.20000000000004547;-0.0053;0.021;-3.1655197212452446
0.25000000000005684;-0.005;0.02;-3.162124559915927
0.20000000000004547;-0.005;0.02;-3.159383201085743
0.1500000000000341;-0.005;0.02;-3.1574934117334164
0.20000000000004547;-0.005;0.02;-3.1551645485514372
0.3500000000000796;-0.005;0.02;-3.153226439740304
0.20000000000004547;-0.005;0.02;-3.15101881023729
0.20000000000004547;-0.005;0.02;-3.1482116255442216
0.20000000000004547;-0.005;0.02;-3.145502597766337
0.3000000000000682;-0.005;0.02;-3.1416114860639284
0.20000000000004547;0.0;0.0;-3.1405568788622493
0.20000000000004547;0.7216;0.8784;-3.127423717064053
0.3500000000000796;0.8529;0.7471;-3.1399463251382715
0.25000000000005684;0.7277;0.8723;-3.128519205770948
0.3000000000000682;0.8419;0.7581;-3.1382506023312806
0.20000000000004547;0.7446;0.8554;-3.1316521100559735
0.25000000000005684;0.8106;0.7894;-3.1341177925973582
0.20000000000004547;0.786;0.814;-3.1336206256789585
0.20000000000004547;0.7909;0.8091;-3.1334285936825244
0.1500000000000341;0.7929;0.8071;-3.133649228575506
0.40000000000009095;0.7906;0.8094;-3.1334256362165123
0.25000000000005684;0.7929;0.8071;-3.132875350852055
0.20000000000004547;0.7984;0.8016;-3.1323721426646496
0.25000000000005684;0.8034;0.7966;-3.1314584819672744
0.20000000000004547;0.8126;0.7874;-3.1318269359108966
0.20000000000004547;0.8089;0.7911;-3.1341968118837413
0.20000000000004547;0.7852;0.8148;-3.132754258772428
0.25000000000005684;0.7996;0.8004;-3.1325400948179913
0.3000000000000682;0.8017;0.7983;-3.134802265898058
0.1500000000000341;0.7791;0.8209;-3.132955842481947
0.3500000000000796;0.7976;0.8024;-3.133741306887222
0.20000000000004547;0.7897;0.8103;-3.1319716538304485
0.1500000000000341;0.8074;0.7926;-3.1328955634412727
0.20000000000004547;0.7982;0.8018;-3.1321603769518824
0.1500000000000341;0.8055;0.7945;-3.1321473505109814
0.1500000000000341;0.8057;0.7943;-3.13374695962031
0.40000000000009095;0.7897;0.8103;-3.134204746663782
0.20000000000004547;0.7851;0.8149;-3.13369511763006
0.20000000000004547;0.7902;0.8098;-3.131124270851123
0.20000000000004547;0.8159;0.7841;-3.132378003561928
0.25000000000005684;0.8034;0.7966;-3.1346107888198085
0.25000000000005684;0.781;0.819;-3.133174257117935
0.1500000000000341;0.7954;0.8046;-3.1316385968592533
0.3000000000000682;0.8108;0.7892;-3.1313027825899984
0.25000000000005684;0.8141;0.7859;-3.1337001582295363
0.20000000000004547;0.7901;0.8099;-3.1333227701450235
0.20000000000004547;0.7939;0.8061;-3.1322530299771802
0.25000000000005684;0.8046;0.7954;-3.1330373554287956
0.20000000000004547;0.7968;0.8032;-3.134242926213693
0.20000000000004547;0.7847;0.8153;-3.133661819816845
0.20000000000004547;0.7905;0.8095;-3.1327697855818237
0.20000000000004547;0.7994;0.8006;-3.132109629552367
0.25000000000005684;0.806;0.794;-3.1349348257348977
0.1500000000000341;0.7778;0.8222;-3.1337281879204286
0.20000000000004547;0.7899;0.8101;-3.1315974057282205
0.20000000000004547;0.8112;0.7888;-3.132114274516811
0.1500000000000341;0.806;0.794;-3.1332320771168716
0.20000000000004547;0.7948;0.8052;-3.133463177688557
0.25000000000005684;0.7925;0.8075;-3.133370815699737
0.3500000000000796;0.7934;0.8066;-3.130776711989284
0.25000000000005684;0.8194;0.7806;-3.1336178619502215
0.20000000000004547;0.791;0.809;-3.1334053137411573
0.25000000000005684;0.7931;0.8069;-3.132591350892586
0.20000000000004547;0.8012;0.7988;-3.1315263662165416
0.20000000000004547;0.8119;0.7881;-3.1327314934942967
0.25000000000005684;0.7998;0.8002;-3.1334187727323015
0.25000000000005684;0.793;0.807;-3.1325776323358308
0.40000000000009095;0.8014;0.7986;-3.1309556979355007
0.25000000000005684;0.8176;0.7824;-3.1342249879828
0.20000000000004547;0.7849;0.8151;-3.132649780838309
0.25000000000005684;0.8006;0.7994;-3.1323110581111466
0.20000000000004547;0.804;0.796;-3.131839227185056
0.25000000000005684;0.8087;0.7913;-3.1322261866463763
0.20000000000004547;0.8049;0.7951;-3.133475706769566
0.3000000000000682;0.7924;0.8076;-3.1336018228930085
0.25000000000005684;0.7911;0.8089;-3.1343101361444243
0.20000000000004547;0.784;0.816;-3.1317037625235917
0.20000000000004547;0.8101;0.7899;-3.1326640998453104
0.1500000000000341;0.8005;0.7995;-3.1319960270122245
0.20000000000004547;0.8072;0.7928;-3.132338891417999
0.20000000000004547;0.8038;0.7962;-3.1327970815523716
0.20000000000004547;0.7992;0.8008;-3.133624881541589
0.3000000000000682;0.7909;0.8091;-3.1327165974140034
0.3000000000000682;0.8;0.8;-3.1314798937650474
0.20000000000004547;0.8123;0.7877;-3.133146022202417
0.20000000000004547;0.7957;0.8043;-3.1324454470618113
0.20000000000004547;0.8027;0.7973;-3.1313338254275247
0.25000000000005684;0.8138;0.7862;-3.1333194559491897
0.3000000000000682;0.7939;0.8061;-3.1323588224528676
0.20000000000004547;0.8036;0.7964;-3.1315112560123533
0.20000000000004547;0.812;0.788;-3.1316869277414985
0.3000000000000682;0.8103;0.7897;-3.1322352824797366
0.20000000000004547;0.8048;0.7952;-3.133024099944824
0.20000000000004547;0.7969;0.8031;-3.132698716898504
0.20000000000004547;0.8002;0.7998;-3.1311512286680574
0.20000000000004547;0.8156;0.7844;-3.1347523920953773
0.20000000000004547;0.7796;0.8204;-3.1325886558774556
0.25000000000005684;0.8013;0.7987;-3.134171717299098
0.1500000000000341;0.7854;0.8146;-3.1324693668964634
0.5000000000001137;0.8024;0.7976;-3.131294288976729
