0.15000000000000002;0.165;0.3;0.006304309499040841
0.14999999999999997;0.8252;0.7748;0.006738323872895527
0.24999999999999994;0.827;0.773;0.0005185434244174844
0.15000000000000013;0.8021;0.7979;-0.0007694802495176408
0.20000000000000018;0.7969;0.8031;-0.0015073211514995324
0.2500000000000001;0.794;0.806;-0.000621168054237219
0.20000000000000018;0.7975;0.8025;0.000900365217625232
0.20000000000000018;0.8036;0.7964;0.0010322959389732784
0.20000000000000018;0.8041;0.7959;0.0010997529354939833
0.20000000000000018;0.8044;0.7956;-0.0008999539867512348
0.1999999999999993;0.7964;0.8036;-0.0013938288882310752
0.2499999999999991;0.7944;0.8056;-0.0019883704574477443
0.1999999999999993;0.792;0.808;-0.0023468292944836024
0.29999999999999893;0.7906;0.8094;0.001102956202777994
0.2499999999999991;0.8044;0.7956;0.00039324822971408934
0.2499999999999991;0.8016;0.7984;-0.0014441139091362068
0.14999999999999947;0.7942;0.8058;-0.001762122651099774
0.14999999999999947;0.793;0.807;-0.00139466091479488
0.14999999999999947;0.7944;0.8056;-0.0008003099570013136
0.2499999999999991;0.7968;0.8032;0.0009350569670120669
0.14999999999999947;0.8037;0.7963;0.0004748054574125952
0.1999999999999993;0.8019;0.7981;-0.0013244324960969315
0.2499999999999991;0.7947;0.8053;-0.0018534703809039658
0.09999999999999964;0.7926;0.8074;-0.002197177075300877
0.1999999999999993;0.7912;0.8088;-0.0027613349245570826
0.1999999999999993;0.789;0.811;-0.0024602054391094927
0.14999999999999947;0.7902;0.8098;-0.0008634524598262812
0.1999999999999993;0.7965;0.8035;0.0010572960059042733
0.14999999999999947;0.8042;0.7958;0.0007630928807886528
0.1999999999999993;0.8031;0.7969;-0.0003081508195175569
0.09999999999999964;0.8031;0.7969;-0.0024638886322680353
0.2499999999999991;-0.4;-0.4;-0.003949773806861819
0.14999999999999947;-0.4;-0.4;-0.004978238880782143
0.1999999999999993;-0.4;-0.4;-0.005238006768747151
0.1999999999999993;-0.4;-0.4;-0.006815294018992962
0.14999999999999947;-0.4;-0.4;-0.007996782845847292
0.1999999999999993;-0.4;-0.4;-0.00907123665752355
0.14999999999999947;-0.4;-0.4;-0.009766767954504735
0.1999999999999993;-0.4;-0.4;-0.009771461891324164
0.29999999999999893;-0.4;-0.4;-0.008348173735075907
0.1999999999999993;-0.4;-0.4;-0.007171277707459439
0.15000000000000124;-0.4;-0.4;-0.006595879561732722
0.20000000000000284;-0.4;-0.4;-0.006545544569275397
0.25000000000000355;-0.4;-0.4;-0.005935884415111195
0.20000000000000284;-0.4;-0.4;-0.0051256266917719725
0.20000000000000284;-0.4;0.4;0.042441875996634904
0.20000000000000284;-0.4;0.4;0.08964491091237943
0.350000000000005;-0.4;0.4;0.17388493543848818
0.20000000000000284;-0.4;0.4;0.22334013905985856
0.20000000000000284;-0.4;0.4;0.2727906978263847
0.15000000000000213;-0.4;0.4;0.31027743397425256
0.15000000000000213;-0.4;0.4;0.34754339487366814
0.20000000000000284;-0.4;0.4;0.39827309785989223
0.20000000000000284;-0.3868;0.3868;0.4454175942656156
0.20000000000000284;-0.3397;0.3397;0.4876803867421918
0.30000000000000426;-0.2974;0.2974;0.5425328588710289
0.15000000000000213;-0.2426;0.2426;0.5650672663360046
0.20000000000000284;-0.22;0.22;0.5922974864058003
0.20000000000000284;-0.1928;0.1928;0.6162544300108397
0.20000000000000284;-0.1688;0.1688;0.6363251501170409
0.25000000000000355;-0.1488;0.1488;0.6593512514269153
0.15000000000000213;-0.1257;0.1257;0.6712725919739035
0.20000000000000284;-0.1138;0.1138;0.6848354369628532
0.350000000000005;-0.1003;0.1003;0.7059341220315337
0.15000000000000213;-0.0792;0.0792;0.7134700824600247
0.15000000000000213;-0.0716;0.0716;0.7202093860936551
0.15000000000000213;-0.0649;0.0649;0.7264132330011994
0.20000000000000284;-0.0587;0.0587;0.7338944669683385
0.25000000000000355;-0.0512;0.0512;0.7419765666668549
0.25000000000000355;-0.05;0.05;0.749304199632602
0.25000000000000355;-0.05;0.05;0.7567758635737714
0.20000000000000284;-0.05;0.05;0.7627542883990255
0.25000000000000355;-0.05;0.05;0.7702037583369373
0.20000000000000284;-0.05;0.05;0.7761633117257275
0.20000000000000284;0.0;0.0;0.7761689580628004
0.25000000000000355;0.3;0.165;0.7658195353506728
0.20000000000000284;0.3;0.165;0.7577529813970207
0.20000000000000284;0.3;0.165;0.7494464702003006
0.15000000000000213;0.3;0.165;0.7435761897557394
0.30000000000000426;0.3;0.165;0.7296323036319383
0.25000000000000355;0.3;0.165;0.7181462162979089
0.20000000000000284;0.3;0.165;0.7094831827579141
0.15000000000000213;0.3;0.165;0.7027825828735298
0.15000000000000213;0.3;0.165;0.6967302021941537
0.20000000000000284;0.3;0.165;0.6875956618348105
0.20000000000000284;0.3;0.165;0.6791127172086431
0.15000000000000213;0.3;0.165;0.6725418553719499
0.20000000000000284;0.3;0.165;0.6649340575576494
0.25000000000000355;0.3;0.165;0.6544783205486238
0.20000000000000284;0.3;0.165;0.6459575052160105
0.20000000000000284;0.3;0.165;0.6378042201975391
0.20000000000000284;0.3;0.165;0.6291276901482671
0.20000000000000284;0.3;0.165;0.6224815623772092
0.10000000000000142;0.3;0.165;0.6188205630586494
0.20000000000000284;0.3;0.165;0.6109851999241214
0.30000000000000426;0.3;0.165;0.5981205862502069
0.25000000000000355;0.3;0.165;0.5875458569002778
0.20000000000000284;0.3;0.165;0.5790971364255088
0.20000000000000284;0.3;0.165;0.570670777318441
0.20000000000000284;0.3;0.165;0.5621113197965963
0.20000000000000284;0.3;0.165;0.5537041688677733
0.20000000000000284;0.3;0.165;0.5453153760161144
0.20000000000000284;0.3;0.165;0.5369402727287544
0.20000000000000284;0.3;0.165;0.5285733917933639
0.30000000000000426;0.3;0.165;0.5158371080947438
0.20000000000000284;0.3;0.165;0.507349954951185
0.20000000000000284;0.3;0.165;0.498834240557766
0.25000000000000355;0.3;0.165;0.4885555688648225
0.20000000000000284;0.3;0.165;0.48024466274241895
0.20000000000000284;0.3;0.165;0.4723614106728016
0.20000000000000284;0.3;0.165;0.46468918382784047
0.20000000000000284;0.3;0.165;0.4576840512828129
0.25000000000000355;0.3;0.165;0.4492262999578158
0.20000000000000284;0.3;0.165;0.4418210058979886
0.15000000000000213;0.3;0.165;0.43561224502938806
0.15000000000000213;0.3;0.165;0.4293163050567413
0.15000000000000213;0.3;0.165;0.4229210015906846
0.20000000000000284;0.3;0.165;0.4152380900009724
0.20000000000000284;0.3;0.165;0.40803250785277273
0.25000000000000355;0.3;0.165;0.3989667581188623
0.25000000000000355;0.3;0.165;0.3897685343014461
0.20000000000000284;0.3;0.165;0.38222139189663346
0.20000000000000284;0.3;0.165;0.3753627836792628
0.20000000000000284;0.3;0.165;0.36702175447120644
0.20000000000000284;0.3;0.165;0.3586218423238258
0.20000000000000284;0.3;0.165;0.35051504919490484
0.20000000000000284;0.3;0.165;0.34271540866297134
0.20000000000000284;0.3;0.165;0.33596568509479224
0.25000000000000355;0.3;0.165;0.3265060752913723
0.20000000000000284;0.3;0.165;0.3192730952171682
0.20000000000000284;0.3;0.165;0.3116235358840809
0.15000000000000213;0.3;0.165;0.30556053986477516
0.25000000000000355;0.3;0.165;0.2953213327594901
0.20000000000000284;0.3;0.165;0.28810237783026965
0.10000000000000142;0.3;0.165;0.28455500394649447
0.20000000000000284;0.3;0.165;0.2775468268098061
0.350000000000005;0.3;0.165;0.26529404699824216
0.15000000000000213;0.3;0.165;0.2600714664873074
0.20000000000000284;0.3;0.165;0.25308863685660904
0.15000000000000213;0.3;0.165;0.247820826171147
0.25000000000000355;0.3;0.165;0.23911282068071935
0.20000000000000284;0.3;0.165;0.23216304546334243
0.15000000000000213;0.3;0.165;0.2269319743028681
0.20000000000000284;0.3;0.165;0.21994638491661278
0.30000000000000426;0.3;0.165;0.2094997118908507
0.15000000000000213;0.3;0.165;0.2042868295846426
0.15000000000000213;0.3;0.165;0.19906253805845506
0.20000000000000284;0.3;0.165;0.19202240296135914
0.15000000000000213;0.3;0.165;0.18675782067489424
0.20000000000000284;0.3;0.165;0.1796756564175653
0.20000000000000284;0.3;0.165;0.1723263455332544
0.20000000000000284;0.3;0.165;0.16463047202826936
0.30000000000000426;0.3;0.165;0.1523801116660561
0.15000000000000213;0.3;0.165;0.14604376754866905
0.15000000000000213;0.3;0.165;0.14014509195939256
0.15000000000000213;0.3;0.165;0.1337914812390195
0.20000000000000284;0.3;0.165;0.12531586174235843
0.20000000000000284;0.3;0.165;0.1175882861234688
0.1999999999999993;0.3;0.165;0.11017716797227789
0.19999999999998863;0.3;0.165;0.10292677875151854
0.3499999999999801;0.3;0.165;0.08855507749751988
0.2499999999999858;0.3;0.165;0.07762709336943772
0.19999999999998863;0.3;0.165;0.06830830353943
0.19999999999998863;0.3;0.165;0.05882540000000209
0.14999999999999147;0.3;0.165;0.051536379239786066
0.19999999999998863;0.3;0.165;0.04185601425106164
0.19999999999998863;0.3;0.165;0.03324864860584875
0.2499999999999858;0.3;0.165;0.02207878540512491
0.2499999999999858;0.3;0.165;0.011063964113832264
0.14999999999999147;0.3;0.165;0.004403645972456304
0.14999999999999147;0.3;0.165;-0.002187035747448278
0.14999999999999147;0.3;0.165;-0.008661499861251944
0.14999999999999147;0.3;0.165;-0.01529456372214279
0.19999999999998863;0.3;0.165;-0.024147945904690347
0.19999999999998863;0.3;0.165;-0.03300518646748325
0.19999999999998863;0.3;0.165;-0.041741531863727976
0.29999999999998295;0.3;0.165;-0.05429991725726781
0.14999999999999147;0.3;0.165;-0.05925423682242605
0.09999999999999432;0.3;0.165;-0.06377775852873341
0.19999999999998863;0.3;0.165;-0.07283108400296293
0.19999999999998863;0.3;0.165;-0.0814199353150192
0.19999999999998863;0.3;0.165;-0.08837353974191038
0.19999999999998863;0.3;0.165;-0.09578767619437963
0.19999999999998863;0.3;0.165;-0.10281461039833109
0.14999999999999147;0.3;0.165;-0.10940021070986244
0.3499999999999801;0.3;0.165;-0.12476230790556983
0.19999999999998863;0.3;0.165;-0.13360032885471193
0.14999999999999147;0.3;0.165;-0.14017370745133503
0.19999999999998863;0.3;0.165;-0.14875589515846485
0.14999999999999147;0.3;0.165;-0.15508428038831348
0.19999999999998863;0.3;0.165;-0.16332790952072201
0.19999999999998863;0.3;0.165;-0.17148823040736014
0.19999999999998863;0.3;0.165;-0.17946087918514622
0.29999999999998295;0.3;0.165;-0.19223562107774061
0.14999999999999147;0.3;0.165;-0.19886038205537693
0.14999999999999147;0.3;0.165;-0.20508851172325693
0.14999999999999147;0.3;0.165;-0.21088789903084182
0.19999999999998863;0.3;0.165;-0.21783289082792043
0.19999999999998863;0.3;0.165;-0.22435861126685264
0.19999999999998863;0.3;0.165;-0.23055705792662518
0.19999999999998863;0.3;0.165;-0.23713812467666073
0.29999999999998295;0.3;0.165;-0.24672605386940666
0.14999999999999147;0.3;0.165;-0.25154291370143617
0.19999999999998863;0.3;0.165;-0.25803162168467164
0.19999999999998863;0.3;0.165;-0.2647514108847708
0.14999999999999147;0.3;0.165;-0.2701689312868237
0.14999999999999147;0.3;0.165;-0.27533165454740594
0.2499999999999858;0.3;0.165;-0.28421580614828945
0.14999999999999147;0.3;0.165;-0.28971470283203304
0.19999999999998863;0.3;0.165;-0.29659151950329743
0.2499999999999858;0.3;0.165;-0.305756970606822
0.19999999999998863;0.3;0.165;-0.3125754142598843
0.2499999999999858;0.3;0.165;-0.3214881542399621
0.2499999999999858;0.3;0.165;-0.32996164406097983
0.19999999999998863;0.3;0.165;-0.3373292981964732
0.2499999999999858;0.3;0.165;-0.3459751926651101
0.2499999999999858;0.3;0.165;-0.3544089879125882
0.19999999999998863;0.3;0.165;-0.3615724864372974
0.2499999999999858;0.3;0.165;-0.37050503017531194
0.2499999999999858;0.3;0.165;-0.37907562015919616
0.2499999999999858;0.3;0.165;-0.3873988525459348
0.19999999999998863;0.3;0.165;-0.39509318819543693
0.19999999999998863;0.3;0.165;-0.40229326388123215
0.2499999999999858;0.3;0.165;-0.4107751859036372
0.19999999999998863;0.3;0.165;-0.4174731797610804
0.3499999999999801;0.3;0.165;-0.42961278012457305
0.19999999999998863;0.3;0.165;-0.43690645205434225
0.19999999999998863;0.3;0.165;-0.4440698969451903
0.14999999999999147;0.3;0.165;-0.44914221267869286
0.2499999999999858;0.3;0.165;-0.4577254792062365
0.19999999999998863;0.3;0.165;-0.4638032704863165
0.19999999999998863;0.3;0.165;-0.4699134189501677
0.14999999999999147;0.3;0.165;-0.47468586248053635
0.3499999999999801;0.3;0.165;-0.48694097321315977
0.14999999999999147;0.3;0.165;-0.49179906375598326
0.19999999999998863;0.3;0.165;-0.4984656942554919
0.19999999999998863;0.3;0.165;-0.5050264670360128
0.19999999999998863;0.3;0.165;-0.5114943163273262
0.19999999999998863;0.3;0.165;-0.5183956011741818
0.19999999999998863;0.3;0.165;-0.524927744983457
0.14999999999999147;0.3;0.165;-0.5301567697521884
0.29999999999998295;0.3;0.165;-0.5410232160522941
0.14999999999999147;0.3;0.165;-0.5466143238426494
0.14999999999999147;0.3;0.165;-0.5523605037901774
0.19999999999998863;0.3;0.165;-0.5602498782396407
0.14999999999999147;0.3;0.165;-0.5663992573896408
0.19999999999998863;0.3;0.165;-0.5748893557559699
0.09999999999999432;0.3;0.165;-0.5791699692893234
0.19999999999998863;0.3;0.165;-0.5879006298405961
0.29999999999998295;0.3;0.165;-0.6012368608222767
0.3499999999999801;0.3;0.165;-0.616714066921596
0.09999999999999432;0.3;0.165;-0.6211603686819045
0.19999999999998863;0.3;0.165;-0.6300308359961178
0.19999999999998863;0.3;0.165;-0.6387216215903584
0.14999999999999147;0.3;0.165;-0.6452553910895261
0.19999999999998863;0.3;0.165;-0.6540317935797403
0.14999999999999147;0.3;0.165;-0.6603569765998804
0.19999999999998863;0.3;0.165;-0.6686020557155358
0.29999999999998295;0.3;0.165;-0.6801761238680505
0.19999999999998863;0.3;0.165;-0.6866069358639958
0.14999999999999147;0.3;0.165;-0.691669590343437
0.14999999999999147;0.3;0.165;-0.6966660499572309
0.14999999999999147;0.3;0.165;-0.701644659137432
0.09999999999999432;0.3;0.165;-0.7049778753264185
0.19999999999998863;0.3;0.165;-0.7118028193183488
0.19999999999998863;0.3;0.165;-0.7183499056662919
0.39999999999997726;0.3;0.165;-0.7327519511679742
0.14999999999999147;0.3;0.165;-0.7379529795576922
0.19999999999998863;0.3;0.165;-0.7447687860734226
0.19999999999998863;0.3;0.165;-0.7521410753935727
0.19999999999998863;0.3;0.165;-0.7598518252018438
0.19999999999998863;0.3;0.165;-0.7680599223390728
0.19999999999998863;0.3;0.165;-0.7764686919112775
0.19999999999998863;0.3;0.165;-0.7846060522047453
0.29999999999998295;0.3;0.165;-0.7951126609669599
0.19999999999998863;0.0;0.0;-0.7955785533142422
0.19999999999998863;-0.4;0.4;-0.7495966036958104
0.2499999999999858;-0.4;0.4;-0.6889187340352739
0.14999999999999147;-0.4;0.4;-0.6528343609299029
0.19999999999998863;-0.4;0.4;-0.6047138280011998
0.19999999999998863;-0.4;0.4;-0.5570230559181325
0.19999999999998863;-0.4;0.4;-0.5088694008616653
0.3499999999999801;-0.4;0.4;-0.42484483936260864
0.14999999999999147;-0.4;0.4;-0.38907699592885703
0.19999999999998863;-0.3794;0.3794;-0.3434563497883976
0.14999999999999147;-0.3337;0.3337;-0.3127417443214247
0.19999999999998863;-0.303;0.303;-0.27778404286764924
0.19999999999998863;-0.2681;0.2681;-0.24605416859724422
0.19999999999998863;-0.2363;0.2363;-0.21791612041824696
0.2499999999999858;-0.2082;0.2082;-0.18695081526589952
0.29999999999998295;-0.1772;0.1772;-0.15529049577049556
0.19999999999998863;-0.1456;0.1456;-0.13715933885875017
0.19999999999998863;-0.1274;0.1274;-0.1221969854957842
0.19999999999998863;-0.1125;0.1125;-0.10934801241452753
0.2499999999999858;-0.0996;0.0996;-0.09412741277395428
0.19999999999998863;-0.0844;0.0844;-0.08419215065261311
0.19999999999998863;-0.0745;0.0745;-0.07511947503055105
0.14999999999999147;-0.0654;0.0654;-0.06919162874412264
0.29999999999998295;-0.0595;0.0595;-0.05914316314569874
0.2499999999999858;-0.05;0.05;-0.051561442898663226
0.19999999999998863;-0.05;0.05;-0.04581789215518145
0.19999999999998863;-0.05;0.05;-0.04055524369024833
0.19999999999998863;-0.05;0.05;-0.03510034057364463
0.19999999999998863;-0.05;0.05;-0.029662724438410417
0.14999999999999147;-0.05;0.05;-0.024818555998846747
0.19999999999998863;-0.05;0.05;-0.018138532986574217
0.2499999999999858;0.0;0.0;-0.01813495673659411
0.19999999999998863;0.8;0.8;-0.010849746397377888
0.19999999999998863;0.8292;0.7708;-0.015826709113859524
0.19999999999998863;0.8092;0.7908;-0.01859804489355335
0.2499999999999858;0.7982;0.8018;-0.020496508566374298
0.19999999999998863;0.7906;0.8094;-0.020707809576629006
0.2499999999999858;0.7897;0.8103;-0.018826113241576625
0.29999999999999005;0.7972;0.8028;-0.016400178024930667
0.19999999999998863;0.807;0.793;-0.016085455390472396
0.2499999999999858;0.8082;0.7918;-0.016308959593216127
0.14999999999999147;0.8073;0.7927;-0.0165272858110051
0.14999999999999147;0.8064;0.7936;-0.016054832992073265
0.2499999999999858;0.8083;0.7917;-0.016803003361503734
0.19999999999998863;0.8053;0.7947;-0.01757143838498824
0.19999999999998863;0.8023;0.7977;-0.017747394607698575
0.2499999999999858;0.8016;0.7984;-0.016411792547670726
0.29999999999998295;0.8069;0.7931;-0.015957314367791662
0.19999999999998863;0.8087;0.7913;-0.016038713017573314
0.14999999999999147;0.8084;0.7916;-0.016197272144867218
0.19999999999998863;0.8078;0.7922;-0.01584925900850709
0.2499999999999858;0.8092;0.7908;-0.015561562076406108
0.2499999999999858;0.8103;0.7897;-0.015910493464071765
0.14999999999999147;0.8089;0.7911;-0.01605520518483053
0.19999999999998863;0.8083;0.7917;-0.01604192741267878
0.2499999999999858;0.8084;0.7916;-0.015729063852120636
0.19999999999998863;0.8096;0.7904;-0.015652770617768437
0.19999999999998863;0.8099;0.7901;-0.015544534837848963
0.19999999999998863;0.8104;0.7896;-0.015625600977981758
0.19999999999998863;0.8101;0.7899;-0.01556080770983768
0.14999999999999147;0.8103;0.7897;-0.015452477511405487
0.2499999999999858;0.8107;0.7893;-0.015428299992430847
0.3499999999999801;0.8108;0.7892;-0.0167779071450513
0.19999999999998863;0.8054;0.7946;-0.017811296127279552
0.2499999999999858;0.8013;0.7987;-0.017797509459178615
0.19999999999998863;0.8014;0.7986;-0.017816365690868943
0.14999999999999147;0.8013;0.7987;-0.017525685340075977
0.19999999999998863;0.8025;0.7975;-0.016731490170572752
0.14999999999999147;0.8056;0.7944;-0.016069528966737846
0.19999999999998863;0.8083;0.7917;-0.015885104053653176
0.3499999999999801;0.809;0.791;-0.015905328916929595
0.19999999999998863;0.8089;0.7911;-0.015485334528861668
0.14999999999999147;0.8106;0.7894;-0.015402370132203982
0.2499999999999858;0.8109;0.7891;-0.015325994613402661
0.19999999999998863;0.8113;0.7887;-0.01522299345576522
0.14999999999999147;0.8117;0.7883;-0.015192281890443369
0.19999999999998863;0.8118;0.7882;-0.015262679015218059
0.19999999999998863;0.8115;0.7885;-0.015229383180942815
0.2499999999999858;0.8116;0.7884;-0.015083880210236591
0.19999999999998863;0.8122;0.7878;-0.015030430355923215
0.19999999999998863;0.8124;0.7876;-0.01509670726431093
0.14999999999999147;0.8122;0.7878;-0.015134155498339626
0.19999999999998863;0.812;0.788;-0.015212010228125428
0.19999999999998863;0.8117;0.7883;-0.015337873756899512
0.14999999999999147;0.8117;0.7883;-0.015018759951743415
0.14999999999999147;-0.4;-0.4;-0.014883671105627676
0.29999999999998295;-0.4;-0.4;-0.013651939295302779
0.09999999999999432;-0.4;-0.4;-0.01319075922706659
0.19999999999998863;-0.4;-0.4;-0.012317649172973797
0.19999999999998863;-0.4;-0.4;-0.013668935731066183
0.2499999999999858;-0.4;-0.4;-0.01564919607322415
0.14999999999999147;-0.4;-0.4;-0.01684154560421822
0.19999999999998863;-0.4;-0.4;-0.018426647054837986
0.19999999999998863;-0.4;-0.4;-0.018940641995570315
0.29999999999998295;-0.4;-0.4;-0.01943692833578237
0.19999999999998863;-0.4;-0.4;-0.01916266198483137
0.14999999999999147;-0.4;-0.4;-0.01907074592598508
0.14999999999999147;-0.4;-0.4;-0.019012744612869368
0.19999999999998863;-0.4;-0.4;-0.01912824663046648
0.19999999999998863;-0.4;-0.4;-0.019332296255910656
0.19999999999998863;-0.4;-0.4;-0.02011546494145821
0.19999999999998863;-0.4;-0.4;-0.021518984173314014
0.2499999999999858;-0.4;-0.4;-0.02279396761583225
0.14999999999999147;-0.4;-0.4;-0.02356291471567932
0.19999999999998863;-0.4;-0.4;-0.024254315627195117
0.19999999999998863;-0.4;-0.4;-0.024625010071478975
0.14999999999999147;-0.4;-0.4;-0.02502089664070394
0.14999999999999147;-0.4;-0.4;-0.025251002805399898
0.14999999999999147;-0.4;-0.4;-0.02575242929879017
0.14999999999999147;-0.4;-0.4;-0.026402889010015106
0.19999999999998863;-0.4;-0.4;-0.02769576046068289
0.29999999999998295;-0.4;-0.4;-0.029602278331489512
0.19999999999998863;-0.4;-0.4;-0.031058557412559418
0.19999999999998863;-0.4;-0.4;-0.032259462627994194
0.14999999999999147;-0.4;-0.4;-0.03340490776162545
0.14999999999999147;-0.4;-0.4;-0.03456044698093132
0.14999999999999147;-0.4;-0.4;-0.03568385543362249
0.14999999999999147;-0.4;-0.4;-0.036420688138668944
0.19999999999998863;-0.4;-0.4;-0.03763300476856263
0.2499999999999858;-0.4;-0.4;-0.03817666811709767
0.19999999999998863;-0.4;-0.4;-0.039447914868665175
0.2499999999999858;-0.4;-0.4;-0.03934892007946815
0.14999999999999147;-0.4;-0.4;-0.03880388553964604
0.14999999999999147;-0.4;-0.4;-0.03859704659349188
0.09999999999999432;-0.4;-0.4;-0.038493491624040886
0.19999999999998863;-0.4;-0.4;-0.0381149453342182
0.19999999999998863;-0.4;-0.4;-0.03820561373903456
0.19999999999998863;-0.4;-0.4;-0.03771233873913475
0.2499999999999858;0.8;-0.8;-0.11755761541365231
0.14999999999999147;0.8;-0.8;-0.18927512446055572
0.14999999999999147;0.8;-0.8;-0.26218901702786934
0.19999999999998863;0.8;-0.8;-0.35805768708706043
0.2499999999999858;0.8;-0.8;-0.47652962469519305
0.19999999999998863;0.8;-0.8;-0.572441502108527
0.19999999999998863;0.8;-0.8;-0.667947295942138
0.19999999999998863;0.8;-0.8;-0.7645884356653246
0.3499999999999801;0.8;-0.8;-0.933214185402166
0.29999999999998295;0.8;-0.8;-1.0767978262383038
0.14999999999999147;0.8;-0.8;-1.1486509841004247
0.19999999999998863;0.8;-0.8;-1.2448431527672466
0.14999999999999147;0.8;-0.8;-1.316780030163933
0.2499999999999858;0.8;-0.8;-1.435338968827887
0.19999999999998863;0.8;-0.8;-1.530708467372065
0.29999999999998295;0.8;-0.8;-1.675532891919322
0.19999999999998863;0.8;-0.8;-1.7700430636849378
0.19999999999998863;0.8;-0.8;-1.8659303359126336
0.14999999999999147;0.7746;-0.7746;-1.9355022961948545
0.2499999999999858;0.7329;-0.7329;-2.044982588343482
0.14999999999999147;0.6672;-0.6672;-2.104397857418874
0.2499999999999858;0.6315;-0.6315;-2.1993395102063227
0.14999999999999147;0.5746;-0.5746;-2.251074734935808
0.14999999999999147;0.5435;-0.5435;-2.3006984441481753
0.2499999999999858;0.5137;-0.5137;-2.3772473871717397
0.19999999999998863;0.4678;-0.4678;-2.4324297149114447
0.19999999999998863;0.4347;-0.4347;-2.4842996952314773
0.19999999999998863;0.4036;-0.4036;-2.532165203347071
0.19999999999998863;0.3749;-0.3749;-2.577046853154259
0.14999999999999147;0.3479;-0.3479;-2.60792181709552
0.2499999999999858;0.3294;-0.3294;-2.6559416657383657
0.19999999999998863;0.3006;-0.3006;-2.6914466488943294
0.29999999999998295;0.2793;-0.2793;-2.74173254193567
0.09999999999999432;0.2491;-0.2491;-2.756215688425302
0.19999999999998863;0.2404;-0.2404;-2.7843619781144606
0.09999999999999432;0.2235;-0.2235;-2.7975508031260343
0.14999999999999147;0.2156;-0.2156;-2.816925412554451
0.14999999999999147;0.204;-0.204;-2.8347159656540923
0.19999999999998863;0.1933;-0.1933;-2.857789406327751
0.14999999999999147;0.1795;-0.1795;-2.8736311370355603
0.29999999999998295;0.17;-0.17;-2.90461665926869
0.19999999999998863;0.1514;-0.1514;-2.9230070462873425
0.19999999999998863;0.1404;-0.1404;-2.9402387274517947
0.19999999999998863;0.13;-0.13;-2.955653899563847
0.19999999999998863;0.1208;-0.1208;-2.969890762264411
0.19999999999998863;0.1122;-0.1122;-2.9830265035342505
0.19999999999998863;0.1043;-0.1043;-2.995642195530546
0.14999999999999147;0.0968;-0.0968;-3.004322576026953
0.2499999999999858;0.0916;-0.0916;-3.0183925285419138
0.2499999999999858;0.0831;-0.0831;-3.030938168592708
0.14999999999999147;0.0756;-0.0756;-3.037718264289281
0.19999999999998863;0.0715;-0.0715;-3.0457343652155235
0.19999999999998863;0.0667;-0.0667;-3.0536671981289354
0.19999999999998863;0.062;-0.062;-3.0611144297141943
0.19999999999998863;0.0575;-0.0575;-3.067790498471724
0.19999999999998863;0.0535;-0.0535;-3.073450890687256
0.2499999999999858;0.0501;-0.0501;-3.0810640702386407
0.29999999999998295;0.0455;-0.0455;-3.089815897908745
0.19999999999998863;0.0403;-0.0403;-3.0939575070605447
0.19999999999998863;0.0378;-0.0378;-3.0984450822882783
0.19999999999998863;0.0351;-0.0351;-3.1025832250056813
0.19999999999998863;0.0326;-0.0326;-3.1058369288698895
0.2499999999999858;0.0307;-0.0307;-3.1098428631599475
0.14999999999999147;0.0283;-0.0283;-3.1118733518411505
0.19999999999998863;0.027;-0.027;-3.1146292865412315
0.3499999999999801;0.0254;-0.0254;-3.1188971913119676
0.2499999999999858;0.0228;-0.0228;-3.1211301018380775
0.19999999999998863;0.0215;-0.0215;-3.1229084702315757
0.19999999999998863;0.0204;-0.0204;-3.1253974492057863
0.29999999999998295;0.02;-0.02;-3.1286196700598015
0.19999999999998863;0.02;-0.02;-3.1307520813807646
0.14999999999999147;0.02;-0.02;-3.1320635757630133
0.29999999999998295;0.02;-0.02;-3.1346451085638436
0.19999999999998863;0.02;-0.02;-3.136668911923341
0.14999999999999147;0.02;-0.02;-3.1381058784302773
0.14999999999999147;0.02;-0.02;-3.1399953705763806
0.19999999999998863;0.02;-0.02;-3.143072249029488
0.19999999999998863;0.02;-0.02;-3.1463574698708863
0.19999999999998863;0.02;-0.02;-3.14965347964748
0.2499999999999858;0.0;0.0;-3.1502141383278834
0.2499999999999858;0.8269;0.7731;-3.1525024233209265
0.14999999999999147;0.8177;0.7823;-3.152924146893443
0.14999999999999147;0.816;0.784;-3.153274766874556
0.19999999999998863;0.8146;0.7854;-3.1533177426718204
0.14999999999999147;0.8145;0.7855;-3.153785787395216
0.19999999999998863;0.8126;0.7874;-3.154125538671454
0.14999999999999147;0.8112;0.7888;-3.156228384464107
0.19999999999998863;0.8028;0.7972;-3.158136940884813
0.2499999999999858;0.7952;0.8048;-3.1594484800983964
0.2499999999999858;0.7899;0.8101;-3.1599801758824193
0.19999999999998863;0.7878;0.8122;-3.160132023283672
0.19999999999998863;0.7872;0.8128;-3.160206519100517
0.19999999999998863;0.7869;0.8131;-3.160214706926065
0.19999999999998863;0.7869;0.8131;-3.16024801664882
0.19999999999998863;0.7867;0.8133;-3.1602738311751426
0.19999999999998863;0.7866;0.8134;-3.160255225942229
0.2499999999999858;0.7867;0.8133;-3.1602576219717307
0.2499999999999858;0.7867;0.8133;-3.1602861264507425
0.19999999999998863;0.7866;0.8134;-3.160246875491926
0.2499999999999858;0.7867;0.8133;-3.1602660169263497
0.19999999999998863;0.7867;0.8133;-3.1602287596639806
0.09999999999999432;0.7868;0.8132;-3.1602436976454613
0.19999999999998863;0.7867;0.8133;-3.1602493395392464
0.19999999999998863;0.7867;0.8133;-3.160263156033463
0.19999999999998863;0.7867;0.8133;-3.1602656266729885
0.3499999999999801;0.7867;0.8133;-3.160243060814875
0.2499999999999858;0.7867;0.8133;-3.1603038497344205
0.14999999999999147;0.7865;0.8135;-3.1602719675334017
0.2499999999999858;0.7866;0.8134;-3.160274659784792
0.19999999999998863;0.7866;0.8134;-3.1602501865982027
0.2499999999999858;0.7867;0.8133;-3.160268319854566
0.19999999999998863;0.7866;0.8134;-3.160266915458696
0.14999999999999147;0.7867;0.8133;-3.160270473931384
0.29999999999998295;0.7866;0.8134;-3.1602547734017365
0.2499999999999858;0.7867;0.8133;-3.1602864360406606
0.14999999999999147;0.7866;0.8134;-3.1602798251759405
0.19999999999998863;0.7866;0.8134;-3.160325999253066
0.2499999999999858;0.7864;0.8136;-3.160275336700061
0.19999999999998863;0.7866;0.8134;-3.160255224661962
0.19999999999998863;0.7867;0.8133;-3.160230824509948
0.14999999999999147;0.7868;0.8132;-3.1602699338188565
0.39999999999997726;0.7866;0.8134;-3.1602888132751557
0.19999999999998863;0.7866;0.8134;-3.1602984627105286
0.2499999999999858;0.7865;0.8135;-3.160281852710585
0.2499999999999858;0.7866;0.8134;-3.1602676554025075
0.14999999999999147;0.7867;0.8133;-3.160240544961748
0.19999999999998863;0.7868;0.8132;-3.1602402487582815
0.19999999999998863;0.7868;0.8132;-3.1602135938801403
0.19999999999998863;0.7868;0.8132;-3.1597960015051916
0.3499999999999801;-0.4;-0.4;-3.1617185390070945
0.2499999999999858;-0.4;-0.4;-3.1636898535847595
0.19999999999998863;-0.4;-0.4;-3.16528621017344
0.19999999999998863;-0.4;-0.4;-3.1668904849191404
0.19999999999998863;-0.4;-0.4;-3.168475466888931
0.19999999999998863;-0.4;-0.4;-3.170047635723264
0.19999999999998863;-0.4;-0.4;-3.1715552320257245
0.14999999999999147;-0.4;-0.4;-3.17271188416892
0.29999999999998295;-0.4;-0.4;-3.1747175744947596
0.14999999999999147;-0.4;-0.4;-3.1756003584054144
0.14999999999999147;-0.4;-0.4;-3.176108179861867
0.2499999999999858;-0.4;-0.4;-3.1764348595933907
0.14999999999999147;-0.4;-0.4;-3.175490654732413
0.2499999999999858;0.4;-0.4;-3.2334098533613935
0.19999999999998863;0.4;-0.4;-3.2808611421994063
0.14999999999999147;0.4;-0.4;-3.3162377489040504
0.29999999999998295;0.4;-0.4;-3.388497457452698
0.19999999999998863;0.4;-0.4;-3.4363365311739145
0.19999999999998863;0.4;-0.4;-3.4846763485361425
0.14999999999999147;0.4;-0.4;-3.5203415152814754
0.19999999999998863;0.4;-0.4;-3.5687307807200774
0.19999999999998863;0.3769;-0.3769;-3.61401485243368
0.14999999999999147;0.3316;-0.3316;-3.643087240188079
0.14999999999999147;0.3025;-0.3025;-3.6703410255967146
0.3499999999999801;0.2753;-0.2753;-3.7279566874398427
0.14999999999999147;0.2177;-0.2177;-3.747723081626115
0.19999999999998863;0.1979;-0.1979;-3.7716703833310725
0.14999999999999147;0.1739;-0.1739;-3.7870393606472863
0.19999999999998863;0.1586;-0.1586;-3.8061591000578283
0.19999999999998863;0.1395;-0.1395;-3.822708055925122
0.19999999999998863;0.1229;-0.1229;-3.8369306158612475
0.19999999999998863;0.1087;-0.1087;-3.8496972227746467
0.29999999999998295;0.0959;-0.0959;-3.8665780477886305
0.19999999999998863;0.079;-0.079;-3.875977088879356
0.14999999999999147;0.0696;-0.0696;-3.882148997084514
0.19999999999998863;0.0635;-0.0635;-3.889886757357658
0.14999999999999147;0.0557;-0.0557;-3.8949315048766624
0.19999999999998863;0.0507;-0.0507;-3.90104872961085
0.19999999999998863;0.05;-0.05;-3.90705828621646
0.2499999999999858;0.05;-0.05;-3.9145702740332853
0.29999999999998295;0.05;-0.05;-3.9235844709226275
0.19999999999998863;0.05;-0.05;-3.929593958025472
0.2499999999999858;0.05;-0.05;-3.937105846278938
0.14999999999999147;0.0;0.0;-3.937105704911813
0.2499999999999858;0.165;0.3;-3.9268458767569157
0.2499999999999858;0.165;0.3;-3.9168159267541265
0.2499999999999858;0.165;0.3;-3.906503702581464
0.14999999999999147;0.165;0.3;-3.9007462956108645
0.29999999999998295;0.165;0.3;-3.889157195105302
0.2499999999999858;0.165;0.3;-3.8781618371575113
0.09999999999999432;0.165;0.3;-3.873527546378618
0.19999999999998863;0.165;0.3;-3.8643629024483026
0.19999999999998863;0.165;0.3;-3.855278747465147
0.19999999999998863;0.165;0.3;-3.846452553531135
0.14999999999999147;0.165;0.3;-3.8402189177705925
0.2499999999999858;0.165;0.3;-3.829347236266999
0.19999999999998863;0.165;0.3;-3.8209813332172664
0.29999999999998295;0.165;0.3;-3.808701777043358
0.14999999999999147;0.165;0.3;-3.8029722400089256
0.19999999999998863;0.165;0.3;-3.7957629144949694
0.14999999999999147;0.165;0.3;-3.790703644672188
0.14999999999999147;0.165;0.3;-3.7854310732497014
0.09999999999999432;0.165;0.3;-3.7818774745189403
0.14999999999999147;0.165;0.3;-3.77651849594105
0.29999999999998295;0.165;0.3;-3.7665922917136245
0.14999999999999147;0.165;0.3;-3.761088404123715
0.19999999999998863;0.165;0.3;-3.7542063510024417
0.19999999999998863;0.165;0.3;-3.747089249565417
0.19999999999998863;0.165;0.3;-3.7403875096881314
0.09999999999999432;0.165;0.3;-3.7370060346982203
0.19999999999998863;0.165;0.3;-3.729787612613581
0.19999999999998863;0.165;0.3;-3.7227764920239723
0.29999999999998295;0.165;0.3;-3.7116491901511734
0.2499999999999858;0.165;0.3;-3.7019515890706547
0.19999999999998863;0.165;0.3;-3.694020117915218
0.2499999999999858;0.165;0.3;-3.6839442384327
0.19999999999998863;0.165;0.3;-3.675555547359209
0.2499999999999858;0.165;0.3;-3.6643053242598387
0.2499999999999858;0.165;0.3;-3.6539826200970755
0.14999999999999147;0.165;0.3;-3.6477859049372814
0.29999999999998295;0.165;0.3;-3.6348672051884976
0.19999999999998863;0.165;0.3;-3.6261278069563025
0.19999999999998863;0.165;0.3;-3.6174056125575644
0.19999999999998863;0.165;0.3;-3.6088075565847637
0.19999999999998863;0.165;0.3;-3.6004007314860598
0.14999999999999147;0.165;0.3;-3.5942398242149824
0.19999999999998863;0.165;0.3;-3.586239888002325
0.2499999999999858;0.165;0.3;-3.576573165154962
0.2499999999999858;0.165;0.3;-3.5672199388812715
0.19999999999998863;0.165;0.3;-3.5593751125995827
0.19999999999998863;0.165;0.3;-3.551466545211203
0.19999999999998863;0.165;0.3;-3.5437372516228423
0.19999999999998863;0.165;0.3;-3.5361247032820953
0.14999999999999147;0.165;0.3;-3.530474046883679
0.20000000000004547;0.165;0.3;-3.522947286764894
0.20000000000004547;0.165;0.3;-3.514946999900188
0.40000000000009095;0.165;0.3;-3.498457908869122
0.25000000000005684;0.165;0.3;-3.4878510432842798
0.20000000000004547;0.165;0.3;-3.4790624576580877
0.25000000000005684;0.165;0.3;-3.4678994580451965
0.20000000000004547;0.165;0.3;-3.460068503058247
0.20000000000004547;0.165;0.3;-3.4526051817670873
0.25000000000005684;0.165;0.3;-3.4440906087571177
0.3000000000000682;0.165;0.3;-3.4324754888709874
0.25000000000005684;0.165;0.3;-3.422654935074779
0.20000000000004547;0.165;0.3;-3.4147921639155925
0.20000000000004547;0.165;0.3;-3.406476024429379
0.1500000000000341;0.165;0.3;-3.4004331289781313
0.20000000000004547;0.165;0.3;-3.393200380358606
0.20000000000004547;0.165;0.3;-3.3863626606651205
0.25000000000005684;0.165;0.3;-3.3773390248906234
0.20000000000004547;0.165;0.3;-3.370269899247605
0.3000000000000682;0.165;0.3;-3.3598369442892118
0.25000000000005684;0.165;0.3;-3.351116010265391
0.25000000000005684;0.165;0.3;-3.3423474813748157
0.20000000000004547;0.165;0.3;-3.335429589630238
0.1500000000000341;0.165;0.3;-3.3302775467301804
0.25000000000005684;0.165;0.3;-3.321158988928412
0.20000000000004547;0.165;0.3;-3.313289623289993
0.3500000000000796;0.165;0.3;-3.297371615637294
0.20000000000004547;0.165;0.3;-3.287560567083656
0.25000000000005684;0.165;0.3;-3.2766214739907125
0.1500000000000341;0.165;0.3;-3.2700657354920173
0.20000000000004547;0.165;0.3;-3.2612276904223285
0.20000000000004547;0.165;0.3;-3.252412445576987
0.20000000000004547;0.165;0.3;-3.2435363458041833
0.1500000000000341;0.165;0.3;-3.2369060125274203
0.3500000000000796;0.165;0.3;-3.22129096939586
0.20000000000004547;0.165;0.3;-3.212348300652214
0.1500000000000341;0.165;0.3;-3.2056620257806894
0.20000000000004547;0.165;0.3;-3.1970872532082173
0.20000000000004547;0.165;0.3;-3.1883270208064047
0.1500000000000341;0.165;0.3;-3.18159041134584
0.25000000000005684;0.165;0.3;-3.1703760328957484
0.1500000000000341;0.165;0.3;-3.1635147739312366
0.3000000000000682;0.165;0.3;-3.149781654357023
0.20000000000004547;0.165;0.3;-3.141221154667572
0.20000000000004547;0.165;0.3;-3.1338194349981445
0.20000000000004547;0.165;0.3;-3.1264007135820426
0.20000000000004547;0.165;0.3;-3.1185859125974655
0.20000000000004547;0.165;0.3;-3.1107847290682473
0.25000000000005684;0.165;0.3;-3.09908298536581
0.25000000000005684;0.165;0.3;-3.0885178356710425
0.25000000000005684;0.165;0.3;-3.0800871876339966
0.1500000000000341;0.165;0.3;-3.0750049644995405
0.20000000000004547;0.165;0.3;-3.0684153629657875
0.20000000000004547;0.165;0.3;-3.061803008483187
0.1500000000000341;0.165;0.3;-3.056931178155998
0.1500000000000341;0.165;0.3;-3.052145597104295
0.20000000000004547;0.165;0.3;-3.0458542286060166
0.1500000000000341;0.165;0.3;-3.0411945782277066
0.20000000000004547;0.165;0.3;-3.034992422365131
0.20000000000004547;0.165;0.3;-3.0287374026267893
0.1500000000000341;0.165;0.3;-3.0239487491660046
0.1500000000000341;0.165;0.3;-3.019053913926174
0.20000000000004547;0.165;0.3;-3.012347087440805
0.1500000000000341;0.165;0.3;-3.0070889270751078
0.20000000000004547;0.165;0.3;-3.000405536327793
0.20000000000004547;0.165;0.3;-2.9936538478816925
0.1500000000000341;0.165;0.3;-2.9886819418264112
0.3500000000000796;0.165;0.3;-2.97580843174897
0.20000000000004547;0.165;0.3;-2.968536517353377
0.25000000000005684;0.165;0.3;-2.9592049873500423
0.20000000000004547;0.165;0.3;-2.952197558014571
0.20000000000004547;0.165;0.3;-2.9435685560104163
0.20000000000004547;0.165;0.3;-2.9344922172829055
0.20000000000004547;0.165;0.3;-2.9262971348706563
0.20000000000004547;0.165;0.3;-2.9177592979911795
0.3000000000000682;0.165;0.3;-2.9049905278896
0.10000000000002274;0.165;0.3;-2.9005284685230515
0.20000000000004547;0.165;0.3;-2.8919503610791835
0.20000000000004547;0.165;0.3;-2.88327267957655
0.20000000000004547;0.165;0.3;-2.8751114199271535
0.25000000000005684;0.165;0.3;-2.8647565436804294
0.1500000000000341;0.165;0.3;-2.858650013873594
0.1500000000000341;0.165;0.3;-2.852215162635941
0.3000000000000682;0.165;0.3;-2.838850787671499
0.20000000000004547;0.165;0.3;-2.8310188030812147
0.20000000000004547;0.165;0.3;-2.823333278023182
0.10000000000002274;0.165;0.3;-2.819649208606232
0.20000000000004547;0.165;0.3;-2.8120888943275704
0.20000000000004547;0.165;0.3;-2.803803308191076
0.20000000000004547;0.165;0.3;-2.79508264562541
0.25000000000005684;0.165;0.3;-2.783728905647938
0.25000000000005684;0.165;0.3;-2.7726411915248206
0.10000000000002274;0.165;0.3;-2.768161635378229
0.20000000000004547;0.165;0.3;-2.759072898172124
0.20000000000004547;0.165;0.3;-2.7499305407356944
0.20000000000004547;0.165;0.3;-2.7409002286727513
0.25000000000005684;0.165;0.3;-2.729967693618177
0.25000000000005684;0.165;0.3;-2.719069028184203
0.20000000000004547;0.165;0.3;-2.710504352701121
0.20000000000004547;0.165;0.3;-2.702131924783191
0.20000000000004547;0.165;0.3;-2.69391836667296
0.20000000000004547;0.165;0.3;-2.686081251578628
0.1500000000000341;0.165;0.3;-2.6805230678590246
0.20000000000004547;0.165;0.3;-2.673527552191867
0.1500000000000341;0.165;0.3;-2.6684800917303826
0.1500000000000341;0.165;0.3;-2.6634781487987764
0.20000000000004547;0.165;0.3;-2.657455329349643
0.3500000000000796;0.165;0.3;-2.646779082101191
0.25000000000005684;0.165;0.3;-2.6385354769336034
0.20000000000004547;0.165;0.3;-2.6305081489681257
0.25000000000005684;0.165;0.3;-2.620148850207916
0.10000000000002274;0.165;0.3;-2.6159062946367477
0.1500000000000341;0.165;0.3;-2.6094608148577443
0.20000000000004547;0.165;0.3;-2.600802643217561
0.3000000000000682;0.165;0.3;-2.587744363055221
0.20000000000004547;0.165;0.3;-2.579006332976077
0.20000000000004547;0.165;0.3;-2.570257135437458
0.1500000000000341;0.165;0.3;-2.5636851573345756
0.20000000000004547;0.165;0.3;-2.554912795228567
0.20000000000004547;0.165;0.3;-2.5462316822658515
0.25000000000005684;0.165;0.3;-2.5354646028702663
0.20000000000004547;0.165;0.3;-2.5267416109835517
0.25000000000005684;0.165;0.3;-2.515355042440805
0.3000000000000682;0.165;0.3;-2.500224031425001
0.25000000000005684;0.165;0.3;-2.488415094110388
0.20000000000004547;0.165;0.3;-2.47951028950296
0.20000000000004547;0.165;0.3;-2.470601698013619
0.1500000000000341;0.165;0.3;-2.4638907513142074
0.25000000000005684;0.165;0.3;-2.4532967877356793
0.1500000000000341;0.165;0.3;-2.447091233947516
0.3000000000000682;0.165;0.3;-2.436626195459136
0.20000000000004547;0.165;0.3;-2.4298682275807715
0.20000000000004547;0.165;0.3;-2.4232575068888407
0.25000000000005684;0.165;0.3;-2.4153440523962737
0.10000000000002274;0.165;0.3;-2.4121464595893745
0.25000000000005684;0.165;0.3;-2.4038675393506495
0.20000000000004547;0.165;0.3;-2.3970074386436817
0.1500000000000341;0.165;0.3;-2.3916550561155177
0.3500000000000796;0.165;0.3;-2.3791183205448587
0.1500000000000341;0.165;0.3;-2.373656384560567
0.25000000000005684;0.0;0.0;-2.375501717680021
0.20000000000004547;0.4;-0.4;-2.418497526147992
0.25000000000005684;0.4;-0.4;-2.4739817425890123
0.20000000000004547;0.4;-0.4;-2.5190470289642093
0.1500000000000341;0.4;-0.4;-2.5529460796815115
0.1500000000000341;0.4;-0.4;-2.587018018708286
0.3000000000000682;0.4;-0.4;-2.655383973721131
0.20000000000004547;0.4;-0.4;-2.700849115803498
0.20000000000004547;0.4;-0.4;-2.747491690472874
0.25000000000005684;0.4;-0.4;-2.8037585930305102
0.1500000000000341;0.3553;-0.3553;-2.8345666500055637
0.20000000000004547;0.3245;-0.3245;-2.871499006794035
0.20000000000004547;0.2876;-0.2876;-2.904429302955458
0.20000000000004547;0.2546;-0.2546;-2.9333971782625143
0.3500000000000796;0.2257;-0.2257;-2.982555483600744
0.20000000000004547;0.1765;-0.1765;-3.004499948810167
0.20000000000004547;0.1546;-0.1546;-3.023739791268148
0.20000000000004547;0.1353;-0.1353;-3.0406913457719194
0.25000000000005684;0.1184;-0.1184;-3.059119590477093
0.20000000000004547;0.0999;-0.0999;-3.071635243762512
0.20000000000004547;0.0874;-0.0874;-3.0825304566735086
0.20000000000004547;0.0765;-0.0765;-3.0919646380382777
0.3500000000000796;0.0671;-0.0671;-3.10631130911451
0.25000000000005684;0.0527;-0.0527;-3.1142115779707877
0.1500000000000341;0.05;-0.05;-3.118707902192928
0.20000000000004547;0.05;-0.05;-3.124694667059608
0.20000000000004547;0.05;-0.05;-3.13072361260536
0.20000000000004547;0.05;-0.05;-3.136827584625275
0.20000000000004547;0.05;-0.05;-3.142829526159551
0.1500000000000341;0.05;-0.05;-3.1472664501913377
0.3000000000000682;0.05;-0.05;-3.1564028475949617
0.20000000000004547;0.0;0.0;-3.1563951769974823
0.20000000000004547;0.8;0.8;-3.1475483165017666
0.20000000000004547;0.8354;0.7646;-3.151228904716835
0.20000000000004547;0.8207;0.7793;-3.1519871918988236
0.20000000000004547;0.8177;0.7823;-3.1527997899635176
0.20000000000004547;0.8144;0.7856;-3.1529118652203896
0.20000000000004547;0.814;0.786;-3.153179769484332
0.25000000000005684;0.8129;0.7871;-3.1532757664983206
0.20000000000004547;0.8125;0.7875;-3.1531949866200093
0.20000000000004547;0.8128;0.7872;-3.15368901018389
0.25000000000005684;0.8109;0.7891;-3.1543453433980773
0.20000000000004547;0.8082;0.7918;-3.154075584751773
0.20000000000004547;0.8093;0.7907;-3.153685862932137
0.20000000000004547;0.8109;0.7891;-3.1537030785545737
0.3000000000000682;0.8108;0.7892;-3.1538013602374173
0.3000000000000682;0.8104;0.7896;-3.1534471014474637
0.25000000000005684;0.8118;0.7882;-3.1532898108921605
0.1500000000000341;0.8125;0.7875;-3.153392824964057
0.20000000000004547;0.812;0.788;-3.1558741142077493
0.20000000000004547;0.8021;0.7979;-3.1564548264955463
0.20000000000004547;0.7998;0.8002;-3.1578828068630354
0.20000000000004547;0.7941;0.8059;-3.1581014746332685
0.20000000000004547;0.7932;0.8068;-3.1588759442680505
0.3500000000000796;0.7901;0.8099;-3.1585466836975074
0.20000000000004547;0.7914;0.8086;-3.1582346204058296
0.1500000000000341;0.7927;0.8073;-3.1576906362792685
0.25000000000005684;0.7948;0.8052;-3.1557982740939923
0.1500000000000341;0.8024;0.7976;-3.1554920014809684
0.25000000000005684;0.8036;0.7964;-3.155543648369049
0.20000000000004547;0.8034;0.7966;-3.155679660686126
0.1500000000000341;0.8029;0.7971;-3.1560428412642363
0.3500000000000796;0.8014;0.7986;-3.1539174967359265
0.20000000000004547;0.8099;0.7901;-3.1548548650718673
0.20000000000004547;0.8062;0.7938;-3.155190630325191
0.25000000000005684;0.8048;0.7952;-3.154845826883152
0.10000000000002274;0.8062;0.7938;-3.1545103729552406
0.20000000000004547;0.8076;0.7924;-3.155456807432042
0.25000000000005684;0.8038;0.7962;-3.158019505498327
0.1500000000000341;0.7935;0.8065;-3.1579070328973557
0.40000000000009095;0.794;0.806;-3.159326871753415
0.20000000000004547;0.7883;0.8117;-3.1581545606103734
0.25000000000005684;0.793;0.807;-3.1552836934448734
0.25000000000005684;0.8045;0.7955;-3.155813721568247
0.20000000000004547;0.8024;0.7976;-3.1565108638650456
0.3000000000000682;0.7996;0.8004;-3.1588648214597708
0.1500000000000341;0.7902;0.8098;-3.158427527793058
0.1500000000000341;0.7919;0.8081;-3.1571493407587936
0.3500000000000796;0.797;0.803;-3.155125157101254
0.20000000000004547;0.8051;0.7949;-3.1552988582432446
0.25000000000005684;0.8044;0.7956;-3.157603245942217
0.25000000000005684;0.7952;0.8048;-3.157539322232521
0.20000000000004547;0.7955;0.8045;-3.1585774431726934
0.1500000000000341;0.7913;0.8087;-3.1588838558110837
0.20000000000004547;0.7901;0.8099;-3.1593372607078716
0.20000000000004547;0.7883;0.8117;-3.1594276095083487
0.25000000000005684;0.7879;0.8121;-3.1594950130640735
0.1500000000000341;0.7879;0.8121;-3.159824992539633
0.25000000000005684;-0.4;-0.4;-3.1598499784082494
0.25000000000005684;-0.4;-0.4;-3.1614364804716986
0.1500000000000341;-0.4;-0.4;-3.162218873048439
0.20000000000004547;-0.4;-0.4;-3.1637145426216855
0.20000000000004547;-0.4;-0.4;-3.1636594223343995
0.25000000000005684;-0.4;-0.4;-3.1619087540784703
0.25000000000005684;-0.4;-0.4;-3.1620403487367876
0.25000000000005684;-0.4;-0.4;-3.1622235043866818
0.20000000000004547;-0.4;-0.4;-3.1621320909489254
0.20000000000004547;-0.4;-0.4;-3.1609183558864298
0.25000000000005684;-0.4;-0.4;-3.161230505251698
0.20000000000004547;-0.4;-0.4;-3.1615588990989423
0.20000000000004547;-0.4;-0.4;-3.1605350702987947
0.1500000000000341;-0.4;-0.4;-3.1600432892004977
0.25000000000005684;-0.4;-0.4;-3.159080634272188
0.25000000000005684;-0.4;-0.4;-3.1589107455096523
0.20000000000004547;-0.4;-0.4;-3.157747511938775
0.20000000000004547;-0.4;-0.4;-3.156747879010022
0.20000000000004547;-0.4;-0.4;-3.1554245550196165
0.1500000000000341;-0.4;-0.4;-3.154435327618254
0.20000000000004547;-0.4;-0.4;-3.15288921632928
0.20000000000004547;-0.4;-0.4;-3.151287861355663
0.3500000000000796;-0.4;-0.4;-3.14840404244141
0.20000000000004547;-0.4;-0.4;-3.146844676603315
0.1500000000000341;-0.4;-0.4;-3.1456379325168267
0.20000000000004547;-0.4;-0.4;-3.144065906317869
0.25000000000005684;-0.4;-0.4;-3.142142633483373
0.1500000000000341;-0.4;-0.4;-3.1412236574697032
0.1500000000000341;-0.4;-0.4;-3.1401985791489344
0.1500000000000341;-0.4;-0.4;-3.139185775399113
0.25000000000005684;-0.4;-0.4;-3.1374270182345807
0.25000000000005684;-0.4;-0.4;-3.135819208790148
0.1500000000000341;-0.4;-0.4;-3.1353144631305185
0.20000000000004547;-0.4;-0.4;-3.135917668432461
0.20000000000004547;-0.4;-0.4;-3.1362477684511783
0.20000000000004547;-0.4;-0.4;-3.1358219212064578
0.20000000000004547;-0.4;-0.4;-3.134891801963013
0.25000000000005684;-0.4;-0.4;-3.1345834541159734
0.3000000000000682;0.8;-0.2;-3.1697579149519415
0.20000000000004547;0.8;-0.2;-3.228157776221301
0.25000000000005684;0.8;-0.2;-3.3017785873422487
0.10000000000002274;0.8;-0.2;-3.331479742570056
0.1500000000000341;0.8;-0.2;-3.376121740357018
0.20000000000004547;0.8;-0.2;-3.4355214447037707
0.20000000000004547;0.8;-0.2;-3.494353678528475
0.25000000000005684;0.8;-0.2;-3.568037354351519
0.3000000000000682;0.8;-0.2;-3.6567480585008134
0.25000000000005684;0.8;-0.2;-3.730376360247785
0.20000000000004547;0.8;-0.2;-3.7900183334496464
0.25000000000005684;0.8;-0.2;-3.864364714931932
0.20000000000004547;0.8;-0.2;-3.9233131738952554
0.20000000000004547;0.8;-0.2;-3.9841054354538485
0.20000000000004547;0.8;-0.2;-4.045860201861594
0.25000000000005684;0.8;-0.2;-4.123613718191773
0.25000000000005684;0.8;-0.2;-4.199826291409661
0.1500000000000341;0.8;-0.2;-4.2465904336527585
0.20000000000004547;0.8;-0.2;-4.30759322654128
0.20000000000004547;0.8;-0.2;-4.370604881746214
0.20000000000004547;0.8;-0.2;-4.432386803312723
0.20000000000004547;0.8;-0.2;-4.494056267493024
0.10000000000002274;0.8;-0.2;-4.52423865732594
0.20000000000004547;0.8;-0.2;-4.5836324368260755
0.3000000000000682;0.8;-0.2;-4.673906793751936
0.20000000000004547;0.8;-0.2;-4.73658466159322
0.25000000000005684;0.8;-0.2;-4.810411439984479
0.20000000000004547;0.8;-0.2;-4.869592267414637
0.1500000000000341;0.8;-0.2;-4.914557739894778
0.1500000000000341;0.8;-0.2;-4.9592851073036766
0.20000000000004547;0.8;-0.2;-5.01875070894088
0.20000000000004547;0.7694;-0.1924;-5.076512336880864
0.3000000000000682;0.7347;-0.1837;-5.1587748686330155
0.25000000000005684;0.6854;-0.1713;-5.22316908155932
0.20000000000004547;0.6468;-0.1617;-5.2721313825476575
0.25000000000005684;0.6174;-0.1543;-5.330201223217019
0.1500000000000341;0.5825;-0.1456;-5.363575102893055
0.20000000000004547;0.5625;-0.1406;-5.406569785596892
0.20000000000004547;0.5367;-0.1342;-5.448002494809295
0.25000000000005684;0.5119;-0.128;-5.4980270348099225
0.25000000000005684;0.4818;-0.1205;-5.5446030643530495
0.3000000000000682;0.4539;-0.1135;-5.597797922367464
0.20000000000004547;0.422;-0.1055;-5.6307431702662205
0.20000000000004547;0.4022;-0.1006;-5.662055185558852
0.25000000000005684;0.3834;-0.0959;-5.699656615951256
0.20000000000004547;0.3609;-0.0902;-5.727507595042789
0.20000000000004547;0.3441;-0.086;-5.754086596174826
0.25000000000005684;0.3282;-0.0821;-5.785509565580093
0.3000000000000682;0.3093;-0.0773;-5.820706073639578
0.25000000000005684;0.2882;-0.0721;-5.848274173382962
0.20000000000004547;0.2717;-0.0679;-5.868346286435117
0.20000000000004547;0.2596;-0.0649;-5.887484161861952
0.10000000000002274;0.2482;-0.062;-5.8970094008527045
0.20000000000004547;0.2424;-0.0606;-5.9145055084362355
0.25000000000005684;0.2319;-0.058;-5.935968150956764
0.20000000000004547;0.2191;-0.0548;-5.952097168382724
0.3500000000000796;0.2094;-0.0523;-5.979972135860894
0.20000000000004547;0.1927;-0.0482;-5.995258453117449
0.1500000000000341;0.1835;-0.0459;-6.005903374514478
0.1500000000000341;0.1771;-0.0443;-6.016150788481384
0.20000000000004547;0.171;-0.0427;-6.029284412402714
0.25000000000005684;0.1631;-0.0408;-6.0443784647503564
0.1500000000000341;0.154;-0.0385;-6.052760198916627
0.1500000000000341;0.149;-0.0372;-6.061817339347187
0.3000000000000682;0.1436;-0.0359;-6.0782031957920175
0.25000000000005684;0.1337;-0.0334;-6.091129858535941
0.20000000000004547;0.126;-0.0315;-6.100355465358217
0.1500000000000341;0.1204;-0.0301;-6.1071694063693185
0.1500000000000341;0.1164;-0.0291;-6.1138171759451065
0.25000000000005684;0.1124;-0.0281;-6.1247969095868635
0.1500000000000341;0.1058;-0.0264;-6.130966227257525
0.20000000000004547;0.1021;-0.0255;-6.138585638527022
0.25000000000005684;0.0975;-0.0244;-6.147466824916102
0.25000000000005684;0.0922;-0.023;-6.155974950052872
0.10000000000002274;0.0871;-0.0218;-6.158813639575406
0.25000000000005684;0.0854;-0.0213;-6.165648413503754
0.20000000000004547;0.0813;-0.0203;-6.171013823579498
0.1500000000000341;0.078;-0.0195;-6.1758659455943175
0.20000000000004547;0.0751;-0.0188;-6.181649860130219
0.20000000000004547;0.0717;-0.0179;-6.186494524041826
0.20000000000004547;0.0688;-0.0172;-6.192562270973988
0.20000000000004547;0.0651;-0.0163;-6.198757232309339
0.25000000000005684;0.0614;-0.0153;-6.206165738341073
0.20000000000004547;0.057;-0.0142;-6.21067495817956
0.20000000000004547;0.0542;-0.0136;-6.214231266836362
0.20000000000004547;0.0521;-0.013;-6.217841170520921
0.1500000000000341;0.0499;-0.0125;-6.220690554705541
0.1500000000000341;0.0482;-0.0121;-6.223373752643091
0.20000000000004547;0.0466;-0.0117;-6.226920112021233
0.3000000000000682;0.0445;-0.0111;-6.230567604745565
0.10000000000002274;0.0423;-0.0106;-6.231779806422088
0.20000000000004547;0.0416;-0.0104;-6.2345146293921765
0.25000000000005684;0.0399;-0.01;-6.238807717780984
0.20000000000004547;0.0374;-0.0093;-6.243008493739068
0.25000000000005684;0.0348;-0.0087;-6.247375553527309
0.20000000000004547;0.0322;-0.0081;-6.251111396238846
0.25000000000005684;0.03;-0.0075;-6.255242099319602
0.3500000000000796;0.0275;-0.0069;-6.260952328737699
0.20000000000004547;0.0241;-0.006;-6.263883953924462
0.20000000000004547;0.0223;-0.0056;-6.266408168396786
0.20000000000004547;0.0208;-0.0052;-6.269120477644779
0.20000000000004547;0.02;-0.005;-6.271821650765431
0.20000000000004547;0.02;-0.005;-6.274624002914721
0.1500000000000341;0.02;-0.005;-6.27659526157177
0.20000000000004547;0.02;-0.005;-6.278726531925338
0.3500000000000796;0.02;-0.005;-6.282477704331602
0.1500000000000341;0.02;-0.005;-6.284404245926945
0.20000000000004547;0.02;-0.005;-6.287268945668942
0.20000000000004547;0.02;-0.005;-6.289990527101907
0.1500000000000341;0.02;-0.005;-6.291562388378561
0.20000000000004547;0.0;0.0;-6.292273080370262
0.20000000000004547;0.8353;0.7647;-6.301149461997218
0.20000000000004547;0.7998;0.8002;-6.299411564707142
0.3000000000000682;0.8067;0.7933;-6.298490235861021
0.1500000000000341;0.8104;0.7896;-6.298298754625877
0.25000000000005684;0.8112;0.7888;-6.298210422356373
0.1500000000000341;0.8115;0.7885;-6.298424858354929
0.25000000000005684;0.8107;0.7893;-6.298098592260234
0.1500000000000341;0.812;0.788;-6.29812977488606
0.25000000000005684;0.8118;0.7882;-6.298237175310785
0.20000000000004547;0.8114;0.7886;-6.298522219869648
0.3000000000000682;0.8103;0.7897;-6.302503048288845
0.1500000000000341;0.7943;0.8057;-6.302466706449285
0.20000000000004547;0.7945;0.8055;-6.301785703585248
0.20000000000004547;0.7972;0.8028;-6.300600337291485
0.20000000000004547;0.8019;0.7981;-6.299378106325397
0.20000000000004547;0.8068;0.7932;-6.298911853801604
0.1500000000000341;0.8087;0.7913;-6.298625447280565
0.20000000000004547;0.8098;0.7902;-6.298252138865868
0.3500000000000796;0.8113;0.7887;-6.298428266178053
0.1500000000000341;0.8106;0.7894;-6.298613407346168
0.25000000000005684;0.8099;0.7901;-6.298603008234592
0.20000000000004547;0.8099;0.7901;-6.2984698526303
0.20000000000004547;0.8105;0.7895;-6.300057593730079
0.25000000000005684;0.8041;0.7959;-6.302666167641193
0.1500000000000341;0.7937;0.8063;-6.301814714328964
0.20000000000004547;0.7971;0.8029;-6.299921215447936
0.3500000000000796;0.8047;0.7953;-6.300095267246621
0.20000000000004547;0.804;0.796;-6.300239799418963
0.1500000000000341;0.8034;0.7966;-6.300371965151171
0.20000000000004547;0.8029;0.7971;-6.300639877126122
0.1500000000000341;0.8018;0.7982;-6.300816712375497
0.20000000000004547;0.8011;0.7989;-6.302383877214196
0.25000000000005684;0.7948;0.8052;-6.302257973764417
0.25000000000005684;0.7953;0.8047;-6.302568603073741
0.3000000000000682;0.7941;0.8059;-6.302171549815177
0.20000000000004547;0.7957;0.8043;-6.302893411289154
0.20000000000004547;0.7928;0.8072;-6.3029561076893605
0.20000000000004547;0.7925;0.8075;-6.302366822842715
0.25000000000005684;0.7949;0.8051;-6.302053370753913
0.20000000000004547;0.7961;0.8039;-6.303201834770641
0.1500000000000341;0.7915;0.8085;-6.302894313851709
0.20000000000004547;0.7928;0.8072;-6.301511605164335
0.3000000000000682;0.7983;0.8017;-6.29893066036097
0.20000000000004547;0.8086;0.7914;-6.29918702542702
0.20000000000004547;0.8076;0.7924;-6.301504756403487
0.20000000000004547;0.7983;0.8017;-6.302761004738523
0.25000000000005684;0.7933;0.8067;-6.303810800762374
0.1500000000000341;0.7891;0.8109;-6.304050374711431
0.1500000000000341;0.7881;0.8119;-6.303241911021889
0.20000000000004547;0.7914;0.8086;-6.301760919969631
0.25000000000005684;0.7973;0.8027;-6.30006713615363
0.20000000000004547;0.8041;0.7959;-6.299532572060496
0.20000000000004547;0.8062;0.7938;-6.299364782543196
0.1500000000000341;0.8069;0.7931;-6.299229600957709
0.20000000000004547;0.8074;0.7926;-6.299030097945275
0.1500000000000341;0.8082;0.7918;-6.2997507000322
0.20000000000004547;0.8053;0.7947;-6.3001450255821325
0.20000000000004547;0.8038;0.7962;-6.299749482673507
0.3500000000000796;0.8054;0.7946;-6.2980628400132606
0.20000000000004547;0.8121;0.7879;-6.298446683142581
0.20000000000004547;0.8106;0.7894;-6.301362011048677
0.20000000000004547;0.7989;0.8011;-6.299805409089736
0.1500000000000341;0.8051;0.7949;-6.29942374673143
0.20000000000004547;0.8067;0.7933;-6.298927437459983
0.20000000000004547;0.8086;0.7914;-6.298505977010717
0.20000000000004547;0.8103;0.7897;-6.298394950293896
0.25000000000005684;0.8108;0.7892;-6.299598407988979
0.20000000000004547;0.806;0.794;-6.301842609916302
0.3000000000000682;0.797;0.803;-6.303648976925391
0.20000000000004547;0.7898;0.8102;-6.303143936141998
0.1500000000000341;0.7918;0.8082;-6.302884922653382
0.20000000000004547;0.7928;0.8072;-6.3023941055250505
0.20000000000004547;0.7948;0.8052;-6.302058659439229
0.25000000000005684;0.7961;0.8039;-6.3033667610940665
0.25000000000005684;0.7909;0.8091;-6.3022952954291895
0.20000000000004547;0.7952;0.8048;-6.3014610764340775
0.1500000000000341;0.7985;0.8015;-6.30248909115912
0.20000000000004547;0.7944;0.8056;-6.303285588242709
0.20000000000004547;0.7912;0.8088;-6.30183522114356
0.10000000000002274;0.797;0.803;-6.300881421237157
0.25000000000005684;0.8008;0.7992;-6.299498328089357
0.20000000000004547;0.8064;0.7936;-6.300422776441406
0.3000000000000682;0.8027;0.7973;-6.302918607012795
0.25000000000005684;0.7927;0.8073;-6.303499935144407
0.20000000000004547;0.7904;0.8096;-6.302007575850222
0.20000000000004547;0.7963;0.8037;-6.300249204379903
0.25000000000005684;0.8034;0.7966;-6.302662703341528
0.3000000000000682;0.7937;0.8063;-6.299316189247045
0.25000000000005684;0.8071;0.7929;-6.300119523498962
0.20000000000004547;0.8039;0.7961;-6.30121410677018
0.25000000000005684;0.7995;0.8005;-6.29928456124281
0.25000000000005684;0.8072;0.7928;-6.299100733246002
0.1500000000000341;0.8079;0.7921;-6.300954133131424
0.20000000000004547;0.8005;0.7995;-6.301802744403551
0.20000000000004547;0.7971;0.8029;-6.301926167241019
0.1500000000000341;0.7966;0.8034;-6.302749285270554
0.20000000000004547;0.7934;0.8066;-6.3035110775925
0.25000000000005684;0.7903;0.8097;-6.30175372828533
0.3000000000000682;0.7973;0.8027;-6.299055517017246
0.20000000000004547;0.8081;0.7919;-6.299090256402852
0.1500000000000341;0.808;0.792;-6.300357122841777
0.1500000000000341;0.8029;0.7971;-6.301713902301897
0.25000000000005684;0.7975;0.8025;-6.301286024205669
0.1500000000000341;0.7992;0.8008;-6.301598180774088
0.20000000000004547;0.798;0.802;-6.299819218574474
0.1500000000000341;0.8051;0.7949;-6.299377458748385
0.25000000000005684;0.8068;0.7932;-6.300518744336674
0.25000000000005684;0.8023;0.7977;-6.300039626385156
0.1500000000000341;0.8042;0.7958;-6.299169260707665
0.20000000000004547;0.8077;0.7923;-6.299767744825204
0.25000000000005684;0.8053;0.7947;-6.300891397774291
0.25000000000005684;0.8008;0.7992;-6.300139137886916
0.10000000000002274;0.8038;0.7962;-6.299550692392579
0.20000000000004547;0.8061;0.7939;-6.299125284606014
0.3000000000000682;0.8078;0.7922;-6.299514333548465
0.20000000000004547;0.8063;0.7937;-6.299072557103246
0.1500000000000341;0.8081;0.7919;-6.299280345503105
0.25000000000005684;0.8072;0.7928;-6.300100491676525
0.20000000000004547;0.8039;0.7961;-6.3009867602156
0.10000000000002274;0.8004;0.7996;-6.301299088322191
0.20000000000004547;0.7992;0.8008;-6.301564386923227
0.20000000000004547;0.7981;0.8019;-6.301221363497881
0.3000000000000682;0.7995;0.8005;-6.301593969625743
0.20000000000004547;0.798;0.802;-6.300665298288086
0.20000000000004547;0.8017;0.7983;-6.30046093292217
0.3000000000000682;0.8025;0.7975;-6.302510272513783
0.25000000000005684;0.7943;0.8057;-6.3013778150925805
0.20000000000004547;0.7988;0.8012;-6.29991588376386
0.1500000000000341;0.8047;0.7953;-6.300026942464563
0.3500000000000796;0.8042;0.7958;-6.302213099478864
0.3500000000000796;0.7955;0.8045;-6.303279082456576
0.20000000000004547;0.7912;0.8088;-6.303420879123867
0.25000000000005684;0.7907;0.8093;-6.303505397499721
0.20000000000004547;0.7903;0.8097;-6.303908594404674
0.20000000000004547;0.7887;0.8113;-6.304073542718101
0.20000000000004547;0.7881;0.8119;-6.303151729304297
0.20000000000004547;0.7917;0.8083;-6.301231846555841
0.3000000000000682;0.7994;0.8006;-6.299055471407108
0.20000000000004547;0.8081;0.7919;-6.3015551006776525
0.20000000000004547;0.7981;0.8019;-6.3029934577571565
0.20000000000004547;0.7924;0.8076;-6.302252104918113
0.25000000000005684;0.7953;0.8047;-6.2994831245299485
0.1500000000000341;0.8064;0.7936;-6.29960965710354
0.1500000000000341;0.8059;0.7941;-6.300225424500513
0.25000000000005684;0.8034;0.7966;-6.30187726572221
0.3500000000000796;0.7968;0.8032;-6.301269685768348
0.10000000000002274;0.7968;0.8032;-6.301487823953027
0.1500000000000341;-0.4;-0.4;-6.301614397192587
0.20000000000004547;-0.4;-0.4;-6.302072733351428
0.20000000000004547;-0.4;-0.4;-6.302716225657457
0.1500000000000341;-0.4;-0.4;-6.303814332484374
0.1500000000000341;-0.4;-0.4;-6.3049976661336755
0.20000000000004547;-0.4;-0.4;-6.306175907257838
0.25000000000005684;-0.4;-0.4;-6.306344714564643
0.20000000000004547;-0.4;-0.4;-6.305474674856321
0.20000000000004547;-0.4;-0.4;-6.304722248684016
0.20000000000004547;-0.4;-0.4;-6.303221881460273
0.20000000000004547;-0.4;-0.4;-6.301856834575349
0.20000000000004547;-0.4;-0.4;-6.301191303821512
0.1500000000000341;-0.4;-0.4;-6.300396462101627
0.25000000000005684;-0.4;-0.4;-6.2994219904811155
0.3000000000000682;-0.4;-0.4;-6.298847221016465
0.20000000000004547;-0.4;-0.4;-6.298019722566069
0.25000000000005684;-0.4;-0.4;-6.296790448725268
0.1500000000000341;-0.4;-0.4;-6.296006471256765
0.20000000000004547;-0.4;-0.4;-6.2947273339255
0.20000000000004547;-0.4;-0.4;-6.293348592111326
0.1500000000000341;-0.4;-0.4;-6.292197567747437
0.20000000000004547;-0.4;-0.4;-6.290733636770141
0.3000000000000682;-0.4;-0.4;-6.288555768020366
0.20000000000004547;-0.4;-0.4;-6.28716159217596
0.20000000000004547;-0.4;-0.4;-6.286168378451699
0.20000000000004547;-0.4;-0.4;-6.284937806669854
0.20000000000004547;-0.4;-0.4;-6.28420696926964
0.20000000000004547;-0.4;-0.4;-6.285588454079635
0.25000000000005684;-0.4;-0.4;-6.287181363241386
0.20000000000004547;-0.4;-0.4;-6.288391366221375
0.3000000000000682;-0.4;-0.4;-6.2904808454503165
0.20000000000004547;-0.4;-0.4;-6.290951383990093
0.20000000000004547;-0.4;-0.4;-6.291249223009018
0.1500000000000341;-0.4;-0.4;-6.290981236495494
0.1500000000000341;-0.4;-0.4;-6.291121794480522
0.25000000000005684;-0.4;-0.4;-6.290679048303149
0.1500000000000341;-0.4;-0.4;-6.291102647570511
0.20000000000004547;-0.4;-0.4;-6.292173422218442
0.3000000000000682;-0.4;-0.4;-6.293238673549311
0.20000000000004547;-0.4;-0.4;-6.293804877709979
0.25000000000005684;-0.2;0.8;-6.24026309627204
0.1500000000000341;-0.2;0.8;-6.195568210096231
0.25000000000005684;-0.2;0.8;-6.12026698866663
0.1500000000000341;-0.2;0.8;-6.0752634178699125
0.1500000000000341;-0.2;0.8;-6.030815965790181
0.1500000000000341;-0.2;0.8;-5.986324571332082
0.3500000000000796;-0.2;0.8;-5.887242435540205
0.20000000000004547;-0.2;0.8;-5.83151937882087
0.25000000000005684;-0.2;0.8;-5.761955782582014
0.20000000000004547;-0.2;0.8;-5.706678397550313
0.20000000000004547;-0.2;0.8;-5.647281752029532
0.20000000000004547;-0.2;0.8;-5.588121044413058
0.25000000000005684;-0.2;0.8;-5.513187465807206
0.40000000000009095;-0.2;0.8;-5.390394890401939
0.25000000000005684;-0.2;0.8;-5.312753833240088
0.1500000000000341;-0.2;0.8;-5.268000320815683
0.20000000000004547;-0.2;0.8;-5.20635672920667
0.40000000000009095;-0.2;0.8;-5.0862188427865735
0.10000000000002274;-0.2;0.8;-5.056069956239832
0.20000000000004547;-0.2;0.8;-4.992648775920995
0.20000000000004547;-0.2;0.8;-4.93167372403571
0.3000000000000682;-0.2;0.8;-4.839971197724278
0.10000000000002274;-0.2;0.8;-4.809752612610612
0.20000000000004547;-0.2;0.8;-4.750717535447724
0.20000000000004547;-0.2;0.8;-4.690447643231911
0.20000000000004547;-0.2;0.8;-4.630728016306477
0.20000000000004547;-0.2;0.8;-4.570193225464635
0.20000000000004547;-0.2;0.8;-4.510355741922064
0.20000000000004547;-0.2;0.8;-4.450717976179177
0.3000000000000682;-0.1937;0.7746;-4.365055213673822
0.1500000000000341;-0.1808;0.7232;-4.3241653856190405
0.1500000000000341;-0.1747;0.6987;-4.284995286061708
0.20000000000004547;-0.1688;0.6752;-4.234707584481409
0.1500000000000341;-0.1613;0.645;-4.198278031540276
0.20000000000004547;-0.1558;0.6232;-4.151496312879468
0.3000000000000682;-0.1488;0.5951;-4.0837728017232235
0.20000000000004547;-0.1386;0.5545;-4.042245662996824
0.3500000000000796;-0.1324;0.5295;-3.973014811793086
0.1500000000000341;-0.122;0.488;-3.94574667942972
0.20000000000004547;-0.1179;0.4716;-3.909880980498034
0.20000000000004547;-0.1125;0.4501;-3.876059559482892
0.10000000000002274;-0.1075;0.4298;-3.8600045867419377
0.2500000000000284;-0.105;0.4202;-3.8202661486702416
0.20000000000004547;-0.0991;0.3964;-3.790361944334059
0.25000000000005684;-0.0946;0.3784;-3.7543033912448505
0.25000000000005684;-0.0892;0.3568;-3.7201689797802917
0.20000000000004547;-0.0841;0.3363;-3.694716352879587
0.20000000000004547;-0.0803;0.321;-3.6705109917831193
0.1500000000000341;-0.0766;0.3065;-3.6530531826075734
0.20000000000004547;-0.074;0.296;-3.6307204926382712
0.25000000000005684;-0.0707;0.2826;-3.604272649578416
0.1500000000000341;-0.0667;0.2668;-3.5888401986448955
0.20000000000004547;-0.0644;0.2575;-3.5693598720776034
0.3500000000000796;-0.0615;0.2458;-3.537272306929168
0.1500000000000341;-0.0566;0.2266;-3.5249944154911397
0.20000000000004547;-0.0548;0.2192;-3.509034464452713
0.20000000000004547;-0.0524;0.2096;-3.4935116236482084
0.1500000000000341;-0.0501;0.2003;-3.482367919914397
0.25000000000005684;-0.0484;0.1936;-3.464139887396651
0.1500000000000341;-0.0457;0.1827;-3.4537687975119673
0.25000000000005684;-0.0441;0.1765;-3.4369474610704467
0.25000000000005684;-0.0416;0.1664;-3.4215879521337222
0.25000000000005684;-0.0393;0.1571;-3.4063531830244425
0.1500000000000341;-0.037;0.148;-3.397841495015991
0.1500000000000341;-0.0357;0.1429;-3.389354767437359
0.25000000000005684;-0.0345;0.1378;-3.375625630504823
0.1500000000000341;-0.0324;0.1296;-3.3677680755816737
0.25000000000005684;-0.0312;0.1249;-3.3552644735895796
0.1500000000000341;-0.0293;0.1174;-3.348372250606184
0.3000000000000682;-0.0283;0.1132;-3.3342409472677135
0.1500000000000341;-0.0262;0.1047;-3.3284178696474824
0.20000000000004547;-0.0253;0.1012;-3.320039289787783
0.1500000000000341;-0.0241;0.0962;-3.313995207241081
0.20000000000004547;-0.0231;0.0926;-3.3064623863165346
0.25000000000005684;-0.022;0.0881;-3.2976243067365005
0.20000000000004547;-0.0207;0.0828;-3.2906150399485865
0.20000000000004547;-0.0196;0.0786;-3.284057302210849
0.3000000000000682;-0.0187;0.0746;-3.274056281680349
0.20000000000004547;-0.0172;0.0686;-3.2686431397374895
0.1500000000000341;-0.0163;0.0654;-3.264314627425085
0.1500000000000341;-0.0157;0.0628;-3.2602995141807747
0.25000000000005684;-0.0151;0.0604;-3.2532654003462693
0.1500000000000341;-0.014;0.0562;-3.249433199815766
0.20000000000004547;-0.0135;0.0539;-3.244699826848787
0.20000000000004547;-0.0128;0.051;-3.24017587215188
0.3500000000000796;-0.0121;0.0483;-3.232043104969802
0.20000000000004547;-0.0109;0.0434;-3.227690376893319
0.20000000000004547;-0.0102;0.0408;-3.223726322796394
0.1500000000000341;-0.0096;0.0384;-3.22090158547431
0.20000000000004547;-0.0092;0.0367;-3.2171582990139465
0.20000000000004547;-0.0086;0.0345;-3.2140493366392233
0.25000000000005684;-0.0082;0.0326;-3.2104580001169025
0.25000000000005684;-0.0076;0.0305;-3.208043170126254
0.3500000000000796;-0.0073;0.029;-3.2022611952934
0.20000000000004547;-0.0064;0.0256;-3.201444769960323
0.20000000000004547;-0.0063;0.0251;-3.199730301882476
0.20000000000004547;-0.006;0.024;-3.197560754935788
0.1500000000000341;-0.0057;0.0227;-3.1961966910488218
0.1500000000000341;-0.0055;0.0219;-3.1945976848969053
0.25000000000005684;-0.0052;0.021;-3.192642814967833
0.25000000000005684;-0.005;0.02;-3.189963959497477
0.20000000000004547;-0.005;0.02;-3.188538190215365
0.20000000000004547;-0.005;0.02;-3.1867065949901567
0.20000000000004547;-0.005;0.02;-3.1838062199075083
0.20000000000004547;-0.005;0.02;-3.1809692967498018
0.25000000000005684;-0.005;0.02;-3.1784235623718216
0.1500000000000341;-0.005;0.02;-3.1779585117446336
0.1500000000000341;-0.005;0.02;-3.177346091514368
0.20000000000004547;-0.005;0.02;-3.174530928239848
0.25000000000005684;-0.005;0.02;-3.1723461539233906
0.3500000000000796;-0.005;0.02;-3.1674976513781945
0.20000000000004547;0.0;0.0;-3.167047221203354
0.25000000000005684;0.7705;0.8295;-3.160454589369412
0.1500000000000341;0.7969;0.8031;-3.161298537580702
0.20000000000004547;0.7935;0.8065;-3.161996638470559
0.1500000000000341;0.7907;0.8093;-3.162393268443842
0.25000000000005684;0.7891;0.8109;-3.1628409922783027
0.3000000000000682;0.7873;0.8127;-3.1629938956667845
0.20000000000004547;0.7867;0.8133;-3.1629226157449124
0.20000000000004547;0.787;0.813;-3.1629043034936153
0.1500000000000341;0.7871;0.8129;-3.162946888258702
0.20000000000004547;0.7869;0.8131;-3.16301968097202
0.20000000000004547;0.7866;0.8134;-3.163018451068569
0.25000000000005684;0.7866;0.8134;-3.1629440206501216
0.20000000000004547;0.7869;0.8131;-3.1629312970398393
0.1500000000000341;0.787;0.813;-3.1629612454383476
0.40000000000009095;0.7869;0.8131;-3.162921734117938
0.20000000000004547;0.787;0.813;-3.1629744558438073
0.25000000000005684;0.7868;0.8132;-3.162891445787427
0.1500000000000341;0.7871;0.8129;-3.1629414133048703
0.20000000000004547;0.7869;0.8131;-3.16300031120056
0.3000000000000682;0.7867;0.8133;-3.1629327150754403
0.20000000000004547;0.787;0.813;-3.1629913553822817
0.20000000000004547;0.7867;0.8133;-3.162995293060897
0.3000000000000682;0.7867;0.8133;-3.1630351262809584
0.1500000000000341;0.7866;0.8134;-3.163002338992226
0.20000000000004547;0.7867;0.8133;-3.1629394749552016
0.25000000000005684;0.787;0.813;-3.162917768659151
0.20000000000004547;0.787;0.813;-3.162896883912409
0.20000000000004547;0.7871;0.8129;-3.1629163318896247
0.1500000000000341;0.787;0.813;-3.162925497509963
0.25000000000005684;0.787;0.813;-3.1630178729035063
0.3500000000000796;0.7866;0.8134;-3.1629362785879827
0.20000000000004547;0.787;0.813;-3.1629253442407363
0.25000000000005684;0.787;0.813;-3.1629026188893126
0.20000000000004547;0.7871;0.8129;-3.1629536217310306
0.20000000000004547;0.7869;0.8131;-3.1630105738216434
0.20000000000004547;0.7867;0.8133;-3.1630161443100175
0.20000000000004547;0.7866;0.8134;-3.1630741740271797
0.25000000000005684;0.7864;0.8136;-3.16298065579569
0.3000000000000682;0.7868;0.8132;-3.162937952779073
0.20000000000004547;0.787;0.813;-3.162987676219998
0.1500000000000341;0.7868;0.8132;-3.162998774081157
0.1500000000000341;0.7867;0.8133;-3.162990044486928
0.20000000000004547;0.7867;0.8133;-3.1629296803623106
0.20000000000004547;0.787;0.813;-3.1629121002667984
0.1500000000000341;0.7871;0.8129;-3.1628887939071477
0.10000000000002274;0.7872;0.8128;-3.162348346716083
0.3000000000000682;0.7893;0.8107;-3.1614217057790444
0.20000000000004547;0.793;0.807;-3.162189565556258
0.1500000000000341;0.7899;0.8101;-3.1624928224287707
0.20000000000004547;0.7887;0.8113;-3.1627950417420285
0.1500000000000341;0.7875;0.8125;-3.16293457347648
0.20000000000004547;0.787;0.813;-3.1629820905917825
0.10000000000002274;0.7868;0.8132;-3.1629930761714298
0.25000000000005684;0.7867;0.8133;-3.163065484630967
0.20000000000004547;0.7864;0.8136;-3.1630476674755865
0.3500000000000796;0.7865;0.8135;-3.162960221262025
0.20000000000004547;0.7869;0.8131;-3.1628745757491177
0.20000000000004547;0.7872;0.8128;-3.162891839283891
0.3000000000000682;0.7871;0.8129;-3.162995554240329
0.1500000000000341;0.7867;0.8133;-3.1623863127149328
0.20000000000004547;0.7892;0.8108;-3.1627872067582916
0.1500000000000341;0.7876;0.8124;-3.16163223155829
0.25000000000005684;0.7922;0.8078;-3.1585795128061505
0.20000000000004547;0.8044;0.7956;-3.1579328245502856
0.1500000000000341;0.807;0.793;-3.157491129930604
0.25000000000005684;0.8087;0.7913;-3.1569566466671266
0.20000000000004547;0.8109;0.7891;-3.1568478611946063
0.1500000000000341;0.8113;0.7887;-3.156907516605741
0.20000000000004547;0.8111;0.7889;-3.1572305060326986
0.20000000000004547;0.8098;0.7902;-3.1569182563382463
0.25000000000005684;0.811;0.789;-3.156650719456502
0.25000000000005684;0.8121;0.7879;-3.1565366350878845
0.1500000000000341;0.8126;0.7874;-3.1565231986754054
0.20000000000004547;0.8126;0.7874;-3.157804459533245
0.20000000000004547;0.8075;0.7925;-3.160155418714151
0.20000000000004547;0.7981;0.8019;-3.161519327478547
0.1500000000000341;0.7926;0.8074;-3.162101351637603
0.20000000000004547;0.7903;0.8097;-3.162052522475984
0.3000000000000682;0.7905;0.8095;-3.162357944403683
0.1500000000000341;0.7893;0.8107;-3.162259140361315
0.20000000000004547;0.7897;0.8103;-3.161798922550172
0.1500000000000341;0.7915;0.8085;-3.161668970099624
0.20000000000004547;0.792;0.808;-3.1604239052282925
0.20000000000004547;0.797;0.803;-3.1588570943545324
0.20000000000004547;0.8033;0.7967;-3.158835324653377
0.1500000000000341;0.8034;0.7966;-3.160311138875861
0.25000000000005684;0.7975;0.8025;-3.1603226893869634
0.20000000000004547;0.7974;0.8026;-3.1602855516013375
0.10000000000002274;0.7976;0.8024;-3.1606580343328745
0.20000000000004547;0.7961;0.8039;-3.161853538795823
0.20000000000004547;0.7913;0.8087;-3.162358205233232
0.1500000000000341;0.7893;0.8107;-3.162658780843908
0.3000000000000682;0.7881;0.8119;-3.1618643631974623
0.20000000000004547;0.7913;0.8087;-3.1622816107902385
0.20000000000004547;0.7896;0.8104;-3.1625051180822785
0.3000000000000682;0.7887;0.8113;-3.1625054393438465
0.20000000000004547;0.7887;0.8113;-3.16109673522443
0.20000000000004547;0.7943;0.8057;-3.1604432421989026
0.20000000000004547;0.7969;0.8031;-3.1603200790541686
0.25000000000005684;0.7974;0.8026;-3.159277521781595
0.25000000000005684;0.8016;0.7984;-3.159438844123533
0.1500000000000341;0.801;0.799;-3.158835318715168
0.20000000000004547;0.8034;0.7966;-3.1587818256604474
0.3000000000000682;0.8036;0.7964;-3.1598773232841717
0.20000000000004547;0.7992;0.8008;-3.159919198377224
0.25000000000005684;0.799;0.801;-3.159998697785111
0.20000000000004547;0.7987;0.8013;-3.1611203425772065
0.20000000000004547;0.7942;0.8058;-3.16146445142272
0.1500000000000341;0.7929;0.8071;-3.161226291112521
0.20000000000004547;0.7938;0.8062;-3.1615943686218637
0.20000000000004547;0.7923;0.8077;-3.1615342003202973
0.3000000000000682;0.7926;0.8074;-3.160983199549409
0.1500000000000341;0.7948;0.8052;-3.1606213099267553
0.20000000000004547;0.7962;0.8038;-3.160031889317101
0.25000000000005684;0.7986;0.8014;-3.158912547200889
0.1500000000000341;0.8031;0.7969;-3.1586805401114124
0.1500000000000341;0.804;0.796;-3.160192598213617
0.20000000000004547;0.7979;0.8021;-3.161280076816603
0.25000000000005684;0.7936;0.8064;-3.1587638321419145
0.25000000000005684;0.8037;0.7963;-3.1582569754088285
0.1500000000000341;0.8057;0.7943;-3.157649812810103
0.25000000000005684;0.8081;0.7919;-3.1579664703917523
0.20000000000004547;0.8068;0.7932;-3.1594094810018216
0.20000000000004547;0.8011;0.7989;-3.1611297545678565
0.25000000000005684;0.7942;0.8058;-3.161458662558975
0.20000000000004547;0.7929;0.8071;-3.1606252528542167
0.20000000000004547;0.7962;0.8038;-3.159316332081398
0.3000000000000682;0.8014;0.7986;-3.1572825823523383
0.25000000000005684;0.8096;0.7904;-3.157826883085451
0.10000000000002274;0.8074;0.7926;-3.157958331462347
0.20000000000004547;0.8069;0.7931;-3.158053591274483
0.25000000000005684;0.8065;0.7935;-3.161016530889226
0.1500000000000341;0.7946;0.8054;-3.161024423191116
0.1500000000000341;0.7946;0.8054;-3.1611578744064848
0.1500000000000341;0.7941;0.8059;-3.1611615115200875
0.1500000000000341;0.7941;0.8059;-3.161075824687472
0.25000000000005684;0.7944;0.8056;-3.1602497568591033
0.20000000000004547;0.7977;0.8023;-3.1587582834072956
0.1500000000000341;0.8037;0.7963;-3.1580901798178425
0.20000000000004547;0.8063;0.7937;-3.1576681729982434
0.1500000000000341;0.808;0.792;-3.1572794134103206
0.1500000000000341;0.8096;0.7904;-3.157223557184074
0.25000000000005684;0.8098;0.7902;-3.160543117209086
0.20000000000004547;0.7965;0.8035;-3.161345542708022
0.25000000000005684;0.7933;0.8067;-3.1624056580228097
0.20000000000004547;0.7891;0.8109;-3.1627469260892536
0.20000000000004547;0.7877;0.8123;-3.16291338357354
0.1500000000000341;0.7871;0.8129;-3.1619862520331803
0.25000000000005684;0.7908;0.8092;-3.159815631235176
0.1500000000000341;0.7994;0.8006;-3.1607655889653667
0.1500000000000341;0.7994;0.8006;-3.161924185788286
0.1500000000000341;-0.4;-0.4;-3.161628357512144
0.20000000000004547;-0.4;-0.4;-3.1632160053901606
0.25000000000005684;-0.4;-0.4;-3.164923580234056
0.25000000000005684;-0.4;-0.4;-3.166880045138481
0.25000000000005684;-0.4;-0.4;-3.168519620726266
0.10000000000002274;-0.4;-0.4;-3.168776189117105
0.20000000000004547;-0.4;-0.4;-3.169454345772441
0.20000000000004547;-0.4;-0.4;-3.1697747493940995
0.1500000000000341;-0.4;-0.4;-3.170060714228383
0.1500000000000341;-0.4;-0.4;-3.169632798263673
0.25000000000005684;-0.4;-0.4;-3.1682699840038193
0.20000000000004547;-0.4;-0.4;-3.1675887271270957
0.20000000000004547;-0.4;-0.4;-3.1668371007371183
0.25000000000005684;-0.4;-0.4;-3.1658044314679104
0.20000000000004547;-0.4;-0.4;-3.1650362553113984
0.20000000000004547;-0.4;-0.4;-3.1642635191518607
0.1500000000000341;-0.4;-0.4;-3.1634236838045444
0.25000000000005684;-0.4;-0.4;-3.161837460395953
0.20000000000004547;-0.4;-0.4;-3.1606431329559483
0.20000000000004547;-0.4;-0.4;-3.1591153903995006
0.20000000000004547;-0.4;-0.4;-3.1576414490879228
0.20000000000004547;-0.4;-0.4;-3.1562584189012144
0.1500000000000341;-0.4;-0.4;-3.1552241448867147
0.20000000000004547;-0.4;-0.4;-3.1539297523528806
0.25000000000005684;-0.4;-0.4;-3.154552865069924
0.25000000000005684;-0.4;-0.4;-3.1561862983760314
0.3000000000000682;-0.4;-0.4;-3.1584975515187597
0.25000000000005684;-0.4;-0.4;-3.1588946802470717
0.20000000000004547;-0.4;-0.4;-3.1581766051115654
0.25000000000005684;-0.4;-0.4;-3.159116835512433
0.20000000000004547;-0.4;-0.4;-3.1603787227149374
0.25000000000005684;-0.4;-0.4;-3.160105333045545
0.20000000000004547;-0.4;-0.4;-3.1587280697408233
0.20000000000004547;-0.4;-0.4;-3.157613607380651
0.25000000000005684;-0.4;-0.4;-3.1567682377776562
0.20000000000004547;-0.4;-0.4;-3.1557415907423048
0.20000000000004547;-0.4;-0.4;-3.154560670977524
0.20000000000004547;0.8;-0.2;-3.179125954463835
0.1500000000000341;0.8;-0.2;-3.2207442784639118
0.20000000000004547;0.8;-0.2;-3.2763903623689266
0.20000000000004547;0.8;-0.2;-3.3331810749841275
0.20000000000004547;0.8;-0.2;-3.395049291817198
0.3000000000000682;0.8;-0.2;-3.482883748765577
0.1500000000000341;0.8;-0.2;-3.5264767691067673
0.20000000000004547;0.8;-0.2;-3.5858920117615707
0.20000000000004547;0.8;-0.2;-3.6443678834048505
0.1500000000000341;0.8;-0.2;-3.69014234209523
0.1500000000000341;0.8;-0.2;-3.73543526118759
0.20000000000004547;0.8;-0.2;-3.7959544649956527
0.1500000000000341;0.8;-0.2;-3.8400886021002107
0.25000000000005684;0.8;-0.2;-3.9138914633792856
0.25000000000005684;0.8;-0.2;-3.988596103411911
0.20000000000004547;0.8;-0.2;-4.0494009728356914
0.1500000000000341;0.8;-0.2;-4.095946229149994
0.20000000000004547;0.8;-0.2;-4.156344352470054
0.1500000000000341;0.8;-0.2;-4.2013852957067215
0.20000000000004547;0.8;-0.2;-4.2618841708849935
0.20000000000004547;0.8;-0.2;-4.322624139575326
0.1500000000000341;0.8;-0.2;-4.367151600418464
0.3000000000000682;0.8;-0.2;-4.456759311698715
0.20000000000004547;0.8;-0.2;-4.516784706150346
0.20000000000004547;0.8;-0.2;-4.577571817581918
0.20000000000004547;0.8;-0.2;-4.638116026209479
0.1500000000000341;0.8;-0.2;-4.683596679903701
0.20000000000004547;0.8;-0.2;-4.7427944957418635
0.1500000000000341;0.8;-0.2;-4.788610984706147
0.25000000000005684;0.8;-0.2;-4.864552535634613
0.3000000000000682;0.8;-0.2;-4.954538980503215
0.1500000000000341;0.8;-0.2;-4.999207580874389
0.25000000000005684;0.7819;-0.1955;-5.074968588606189
0.1500000000000341;0.7364;-0.1841;-5.118480838809014
0.25000000000005684;0.7103;-0.1776;-5.184676060465173
0.20000000000004547;0.6706;-0.1677;-5.234679297021307
0.1500000000000341;0.6406;-0.1602;-5.270325941586252
0.20000000000004547;0.6192;-0.1548;-5.316607076390453
0.3000000000000682;0.5915;-0.1479;-5.381638534299198
0.3000000000000682;0.5524;-0.1381;-5.442527026983612
0.20000000000004547;0.5159;-0.129;-5.481025114625905
0.1500000000000341;0.4928;-0.1232;-5.509217667540905
0.1500000000000341;0.4759;-0.119;-5.536456497245256
0.25000000000005684;0.4595;-0.1149;-5.579404111552622
0.20000000000004547;0.4338;-0.1084;-5.611745490186138
0.20000000000004547;0.4144;-0.1036;-5.643979364175189
0.1500000000000341;0.395;-0.0988;-5.664381323071855
0.3000000000000682;0.3828;-0.0957;-5.703991224378554
0.25000000000005684;0.359;-0.0898;-5.735002761041859
0.1500000000000341;0.3404;-0.0851;-5.752708054310018
0.20000000000004547;0.3298;-0.0824;-5.7756014997912
0.20000000000004547;0.3161;-0.079;-5.797607816988068
0.1500000000000341;0.3029;-0.0757;-5.813487876167082
0.20000000000004547;0.2933;-0.0733;-5.834416611417127
0.20000000000004547;0.2808;-0.0702;-5.854538591334508
0.20000000000004547;0.2687;-0.0672;-5.874139742234967
0.3000000000000682;0.2569;-0.0642;-5.9024702695010305
0.25000000000005684;0.2399;-0.06;-5.924626123256419
0.20000000000004547;0.2266;-0.0567;-5.941749023628913
0.20000000000004547;0.2164;-0.0541;-5.957918985533513
0.20000000000004547;0.2067;-0.0517;-5.973594828063904
0.1500000000000341;0.1973;-0.0493;-5.985015707310537
0.20000000000004547;0.1904;-0.0476;-5.998606593833858
0.1500000000000341;0.1823;-0.0456;-6.008577547099989
0.3500000000000796;0.1763;-0.0441;-6.031464324707556
0.20000000000004547;0.1625;-0.0406;-6.043583853961148
0.25000000000005684;0.1553;-0.0388;-6.057821634710569
0.20000000000004547;0.1467;-0.0367;-6.069174921492674
0.1500000000000341;0.1399;-0.035;-6.076931131152054
0.1500000000000341;0.1353;-0.0338;-6.0844329843516824
0.20000000000004547;0.1308;-0.0327;-6.093867820670824
0.20000000000004547;0.1251;-0.0313;-6.103796118613456
0.3500000000000796;0.1191;-0.0298;-6.120548181537669
0.20000000000004547;0.1091;-0.0273;-6.128709366353352
0.25000000000005684;0.1042;-0.026;-6.137338954792845
0.1500000000000341;0.099;-0.0248;-6.143201497208418
0.20000000000004547;0.0955;-0.0239;-6.149892594716413
0.1500000000000341;0.0915;-0.0229;-6.155076140612423
0.1500000000000341;0.0884;-0.0221;-6.160989032770674
0.20000000000004547;0.0848;-0.0212;-6.168637892008334
0.3000000000000682;0.0802;-0.0201;-6.178879345522558
0.20000000000004547;0.0741;-0.0185;-6.185052323488171
0.25000000000005684;0.0704;-0.0176;-6.192622438941451
0.1500000000000341;0.0658;-0.0165;-6.19686596389871
0.1500000000000341;0.0633;-0.0158;-6.200855819086297
0.20000000000004547;0.0609;-0.0152;-6.205864431774873
0.20000000000004547;0.0579;-0.0145;-6.210761185558798
0.20000000000004547;0.055;-0.0137;-6.215503756008821
0.40000000000009095;0.0521;-0.013;-6.224292766802109
0.25000000000005684;0.0468;-0.0117;-6.228548578932293
0.20000000000004547;0.0443;-0.0111;-6.231570859102734
0.20000000000004547;0.0425;-0.0106;-6.23483172746552
0.25000000000005684;0.0405;-0.0101;-6.238985112358735
0.10000000000002274;0.038;-0.0095;-6.240623451826075
0.20000000000004547;0.037;-0.0093;-6.243993646825378
0.20000000000004547;0.035;-0.0088;-6.247460370473379
0.25000000000005684;0.0329;-0.0082;-6.251752345193586
0.25000000000005684;0.0304;-0.0076;-6.256087013435484
0.25000000000005684;0.0278;-0.0069;-6.260136036967259
0.25000000000005684;0.0253;-0.0063;-6.264081724474116
0.1500000000000341;0.023;-0.0057;-6.266286792693601
0.20000000000004547;0.0216;-0.0054;-6.269089661511529
0.25000000000005684;0.02;-0.005;-6.272873268967752
0.25000000000005684;0.02;-0.005;-6.276667903917544
0.3000000000000682;0.02;-0.005;-6.281217727867736
0.20000000000004547;0.02;-0.005;-6.284253964672058
0.20000000000004547;0.02;-0.005;-6.287234401000242
0.20000000000004547;0.02;-0.005;-6.290285126944174
0.20000000000004547;0.02;-0.005;-6.293316582573208
0.25000000000005684;0.0;0.0;-6.294466776969721
0.10000000000002274;0.8316;0.7684;-6.302665475177887
0.25000000000005684;0.7988;0.8012;-6.300183767575638
0.3500000000000796;0.8087;0.7913;-6.299389590210585
0.20000000000004547;0.8119;0.7881;-6.299513501762304
0.1500000000000341;0.8114;0.7886;-6.300920165787313
0.1500000000000341;0.8058;0.7942;-6.301894007957145
0.20000000000004547;0.8019;0.7981;-6.303497524676521
0.20000000000004547;0.7954;0.8046;-6.304561249266616
0.1500000000000341;0.7912;0.8088;-6.304967141897093
0.20000000000004547;0.7896;0.8104;-6.305346414577942
0.3500000000000796;0.788;0.812;-6.305562964190155
0.3000000000000682;0.7872;0.8128;-6.304126476881378
0.1500000000000341;0.7929;0.8071;-6.303019553536601
0.20000000000004547;0.7974;0.8026;-6.30151209607871
0.1500000000000341;0.8034;0.7966;-6.301205809900538
0.1500000000000341;0.8046;0.7954;-6.3009857711389525
0.25000000000005684;0.8055;0.7945;-6.300310304863674
0.25000000000005684;0.8082;0.7918;-6.299720432845
0.25000000000005684;0.8106;0.7894;-6.303077270135514
0.25000000000005684;0.7971;0.8029;-6.30462265262138
0.1500000000000341;0.7909;0.8091;-6.304740938548668
0.20000000000004547;0.7905;0.8095;-6.304598060698414
0.1500000000000341;0.791;0.809;-6.302655752998026
0.25000000000005684;0.7988;0.8012;-6.300631938023473
0.20000000000004547;0.8069;0.7931;-6.300358701973483
0.1500000000000341;0.808;0.792;-6.3001419694847804
0.25000000000005684;0.8089;0.7911;-6.299678310019006
0.20000000000004547;0.8107;0.7893;-6.299604706696739
0.20000000000004547;0.811;0.789;-6.29976131490837
0.1500000000000341;0.8104;0.7896;-6.299979522753184
0.25000000000005684;0.8095;0.7905;-6.30053396093389
0.20000000000004547;0.8073;0.7927;-6.300111854324654
0.20000000000004547;0.809;0.791;-6.299679059741325
0.25000000000005684;0.8107;0.7893;-6.2995347191187605
0.3000000000000682;0.8113;0.7887;-6.299588820460117
0.3000000000000682;0.8111;0.7889;-6.299960017464817
0.1500000000000341;0.8096;0.7904;-6.2997677829162635
0.1500000000000341;0.8104;0.7896;-6.299592502240315
0.1500000000000341;0.8111;0.7889;-6.299442703254281
0.20000000000004547;0.8117;0.7883;-6.300019644447233
0.20000000000004547;0.8094;0.7906;-6.300022482298593
0.20000000000004547;0.8093;0.7907;-6.299550403082051
0.25000000000005684;0.8112;0.7888;-6.299285390012294
0.3000000000000682;0.8123;0.7877;-6.299946223255454
0.20000000000004547;0.8096;0.7904;-6.301401528385831
0.3000000000000682;0.8038;0.7962;-6.30267912532264
0.25000000000005684;0.7987;0.8013;-6.304394007695312
0.20000000000004547;0.7919;0.8081;-6.30359580541944
0.1500000000000341;0.795;0.805;-6.303283634695953
0.25000000000005684;0.7963;0.8037;-6.3046238111975015
0.3000000000000682;0.7909;0.8091;-6.305362441998397
0.3000000000000682;0.788;0.812;-6.301019183651435
0.25000000000005684;0.8054;0.7946;-6.300105920223822
0.20000000000004547;0.809;0.791;-6.300020285812836
0.25000000000005684;0.8094;0.7906;-6.29955898356943
0.1500000000000341;0.8112;0.7888;-6.299472823048234
0.20000000000004547;0.8115;0.7885;-6.2999787439002235
0.20000000000004547;0.8095;0.7905;-6.300729827387846
0.3000000000000682;0.8065;0.7935;-6.300579460692104
0.20000000000004547;0.8071;0.7929;-6.302311717581761
0.25000000000005684;0.8002;0.7998;-6.302909545089741
0.25000000000005684;0.7978;0.8022;-6.304565440610449
0.1500000000000341;0.7912;0.8088;-6.304957335402991
0.20000000000004547;0.7896;0.8104;-6.303949255751088
0.20000000000004547;0.7936;0.8064;-6.302131968525497
0.20000000000004547;0.8009;0.7991;-6.300922514901122
0.3500000000000796;0.8057;0.7943;-6.299486014358914
0.20000000000004547;0.8115;0.7885;-6.300438533797318
0.25000000000005684;0.8077;0.7923;-6.303536848709893
0.25000000000005684;0.7953;0.8047;-6.304721299345337
0.10000000000002274;0.7905;0.8095;-6.304573751779817
0.1500000000000341;0.7911;0.8089;-6.3041239576276995
0.1500000000000341;0.7929;0.8071;-6.302838808861965
0.25000000000005684;0.7981;0.8019;-6.3018437021407365
0.20000000000004547;0.8021;0.7979;-6.301312291179529
0.25000000000005684;0.8042;0.7958;-6.301217897061302
0.1500000000000341;0.8046;0.7954;-6.300796789399996
0.20000000000004547;0.8062;0.7938;-6.301143842105711
0.1500000000000341;0.8049;0.7951;-6.301242178058013
0.1500000000000341;0.8045;0.7955;-6.302826906004143
0.25000000000005684;0.7981;0.8019;-6.304574696410299
0.20000000000004547;0.7911;0.8089;-6.3051722912639
0.25000000000005684;0.7887;0.8113;-6.305474681534257
0.25000000000005684;0.7875;0.8125;-6.30283501889478
0.20000000000004547;0.7981;0.8019;-6.302083065449688
0.20000000000004547;0.8011;0.7989;-6.300712502311625
0.10000000000002274;0.8066;0.7934;-6.300305257486921
0.20000000000004547;0.8082;0.7918;-6.29965303523947
0.25000000000005684;0.8108;0.7892;-6.299422193259922
0.1500000000000341;0.8117;0.7883;-6.299588619889294
0.20000000000004547;0.8111;0.7889;-6.29950848960724
0.3000000000000682;0.8114;0.7886;-6.303739016270875
0.20000000000004547;0.7945;0.8055;-6.304599946031474
0.20000000000004547;0.791;0.809;-6.30506649355167
0.1500000000000341;0.7892;0.8108;-6.305286944226114
0.3000000000000682;0.7883;0.8117;-6.305515998195378
0.25000000000005684;0.7874;0.8126;-6.3056686973560385
0.1500000000000341;0.7868;0.8132;-6.305700018924614
0.1500000000000341;0.7866;0.8134;-6.30571124486272
0.3000000000000682;0.7866;0.8134;-6.305690134439062
0.25000000000005684;0.7867;0.8133;-6.305633858959583
0.1500000000000341;0.7869;0.8131;-6.305656246671399
0.20000000000004547;0.7868;0.8132;-6.305622778921279
0.20000000000004547;0.7869;0.8131;-6.305612164386367
0.1500000000000341;0.787;0.813;-6.30567105224495
0.20000000000004547;0.7867;0.8133;-6.305651945944652
0.1500000000000341;0.7868;0.8132;-6.305642115192868
0.3000000000000682;0.7869;0.8131;-6.30574081614724
0.25000000000005684;0.7865;0.8135;-6.305684783903308
0.1500000000000341;0.7867;0.8133;-6.305656485073998
0.1500000000000341;0.7868;0.8132;-6.305686938864005
0.20000000000004547;0.7867;0.8133;-6.305749086989551
0.20000000000004547;0.7864;0.8136;-6.305710440931952
0.20000000000004547;0.7866;0.8134;-6.305747366093622
0.1500000000000341;0.7864;0.8136;-6.30570846395701
0.3500000000000796;0.7866;0.8134;-6.305668284605068
0.20000000000004547;0.7868;0.8132;-6.305651342932197
0.1500000000000341;0.7868;0.8132;-6.305654786286942
0.1500000000000341;0.7868;0.8132;-6.305721944727705
0.25000000000005684;0.7865;0.8135;-6.305648589593119
0.20000000000004547;0.7868;0.8132;-6.305654329701636
0.1500000000000341;0.7868;0.8132;-6.30571015411899
0.20000000000004547;0.7866;0.8134;-6.3057416140031775
0.3500000000000796;0.7865;0.8135;-6.305756407947227
0.1500000000000341;0.7864;0.8136;-6.30577465873939
0.1500000000000341;0.7863;0.8137;-6.305723077768649
0.1500000000000341;0.7865;0.8135;-6.305740200003183
0.20000000000004547;0.7865;0.8135;-6.305759029667858
0.20000000000004547;0.7864;0.8136;-6.305697249835401
0.25000000000005684;0.7866;0.8134;-6.3056322298095475
0.25000000000005684;0.7869;0.8131;-6.305645612217396
0.25000000000005684;0.7869;0.8131;-6.305678241513593
0.20000000000004547;0.7867;0.8133;-6.305644833568894
0.20000000000004547;0.7869;0.8131;-6.305691103672533
0.1500000000000341;0.7867;0.8133;-6.305733410699752
0.20000000000004547;0.7865;0.8135;-6.305730338986863
0.20000000000004547;0.7865;0.8135;-6.3057543848224125
0.20000000000004547;0.7864;0.8136;-6.3057436701635545
0.25000000000005684;0.7865;0.8135;-6.305785564013596
0.25000000000005684;0.7863;0.8137;-6.305770127605661
0.1500000000000341;0.7864;0.8136;-6.305758411033434
0.25000000000005684;0.7864;0.8136;-6.305684259979915
0.25000000000005684;0.7867;0.8133;-6.30576455823997
0.20000000000004547;0.7864;0.8136;-6.305753211911628
0.20000000000004547;0.7864;0.8136;-6.305699782821118
0.20000000000004547;0.7866;0.8134;-6.305677170796232
0.25000000000005684;0.7867;0.8133;-6.305654157681936
0.3000000000000682;0.7868;0.8132;-6.308765261842795
0.20000000000004547;0.7868;0.8132;-6.309541235442372
0.20000000000004547;-0.4;-0.4;-6.309058055362886
0.25000000000005684;-0.4;-0.4;-6.309745535299924
0.20000000000004547;-0.4;-0.4;-6.3113398459277805
0.20000000000004547;-0.4;-0.4;-6.312929615957559
0.20000000000004547;-0.4;-0.4;-6.314482418783657
0.1500000000000341;-0.4;-0.4;-6.315611479882471
0.25000000000005684;-0.4;-0.4;-6.317202055062208
0.20000000000004547;-0.4;-0.4;-6.317881185354138
0.20000000000004547;-0.4;-0.4;-6.316737182853471
0.20000000000004547;-0.4;-0.4;-6.316103282580763
0.20000000000004547;-0.4;-0.4;-6.315530859559685
0.1500000000000341;-0.4;-0.4;-6.314739261423853
0.25000000000005684;-0.4;-0.4;-6.314090045561121
0.1500000000000341;-0.4;-0.4;-6.313507025635032
0.3500000000000796;-0.4;-0.4;-6.311968657432386
0.25000000000005684;-0.4;-0.4;-6.310575295851333
0.20000000000004547;-0.4;-0.4;-6.3092828707470465
0.20000000000004547;-0.4;-0.4;-6.3077421208280615
0.20000000000004547;-0.4;-0.4;-6.306394457163126
0.20000000000004547;-0.4;-0.4;-6.305081529636335
0.10000000000002274;-0.4;-0.4;-6.304356580192256
0.20000000000004547;-0.4;-0.4;-6.302906495344067
0.3000000000000682;-0.4;-0.4;-6.3015205168106725
0.20000000000004547;-0.4;-0.4;-6.300103294533884
0.25000000000005684;-0.4;-0.4;-6.299784280135914
0.20000000000004547;-0.4;-0.4;-6.300433036986649
0.1500000000000341;-0.4;-0.4;-6.300506553011591
0.20000000000004547;-0.4;-0.4;-6.299898453837996
0.20000000000004547;-0.4;-0.4;-6.299466058041515
0.1500000000000341;-0.4;-0.4;-6.298342525442663
0.3500000000000796;-0.4;-0.4;-6.300989699845656
0.20000000000004547;-0.4;-0.4;-6.302423119133915
0.1500000000000341;-0.4;-0.4;-6.302903583626689
0.25000000000005684;-0.4;-0.4;-6.304730639247991
0.20000000000004547;-0.4;-0.4;-6.303638064231505
0.25000000000005684;-0.4;-0.4;-6.3026777196136
0.20000000000004547;-0.4;-0.4;-6.303250924860163
0.3000000000000682;-0.4;-0.4;-6.305514304598978
0.25000000000005684;-0.2;0.8;-6.252842403652526
0.25000000000005684;-0.2;0.8;-6.180928071371455
0.20000000000004547;-0.2;0.8;-6.121417258690426
0.20000000000004547;-0.2;0.8;-6.061095184014115
0.20000000000004547;-0.2;0.8;-6.001997636808462
0.25000000000005684;-0.2;0.8;-5.926652963639089
0.1500000000000341;-0.2;0.8;-5.8827073628935915
0.20000000000004547;-0.2;0.8;-5.8243222905123595
0.25000000000005684;-0.2;0.8;-5.749597143605999
0.25000000000005684;-0.2;0.8;-5.67571873615567
0.20000000000004547;-0.2;0.8;-5.614962951515131
0.1500000000000341;-0.2;0.8;-5.570736519237447
0.20000000000004547;-0.2;0.8;-5.510310008416796
0.20000000000004547;-0.2;0.8;-5.448866306352185
0.20000000000004547;-0.2;0.8;-5.389448260219279
0.20000000000004547;-0.2;0.8;-5.333343421314417
0.4500000000001023;-0.2;0.8;-5.1988395444096955
0.20000000000004547;-0.2;0.8;-5.137901873077254
0.1500000000000341;-0.2;0.8;-5.092440001423441
0.20000000000004547;-0.2;0.8;-5.032021268681212
0.20000000000004547;-0.2;0.8;-4.971725388080734
0.25000000000005684;-0.2;0.8;-4.898093894426339
0.3000000000000682;-0.2;0.8;-4.808039870962058
0.25000000000005684;-0.2;0.8;-4.732655153569992
0.1500000000000341;-0.2;0.8;-4.688097055342101
0.3000000000000682;-0.2;0.8;-4.599479773763949
0.20000000000004547;-0.2;0.8;-4.53937961297732
0.25000000000005684;-0.2;0.8;-4.465437181845745
0.1500000000000341;-0.1947;0.779;-4.421812340273289
0.25000000000005684;-0.1882;0.7528;-4.351754136908424
0.20000000000004547;-0.1777;0.7107;-4.299206927430974
0.20000000000004547;-0.1698;0.6792;-4.248462182091867
0.20000000000004547;-0.1622;0.6488;-4.1994881777485915
0.3000000000000682;-0.1548;0.6194;-4.130262288086706
0.20000000000004547;-0.1445;0.5779;-4.086916155601743
0.25000000000005684;-0.138;0.5518;-4.035835798790292
0.20000000000004547;-0.1303;0.5212;-3.997118949330421
0.25000000000005684;-0.1245;0.498;-3.9508218333864398
0.20000000000004547;-0.1175;0.4702;-3.9158979139966106
0.1500000000000341;-0.1123;0.4492;-3.890851431552632
0.1500000000000341;-0.1086;0.4342;-3.866642895564356
0.3500000000000796;-0.1049;0.4197;-3.8118655997765396
0.20000000000004547;-0.0967;0.3868;-3.783003882412396
0.10000000000002274;-0.0924;0.3695;-3.7691784677120714
0.20000000000004547;-0.0903;0.3612;-3.7421534789548367
0.1500000000000341;-0.0862;0.345;-3.7226611178114832
0.20000000000004547;-0.0833;0.3333;-3.697929827717575
0.25000000000005684;-0.0796;0.3185;-3.6681533719162385
0.25000000000005684;-0.0751;0.3006;-3.63952702337255
0.40000000000009095;-0.0709;0.2834;-3.5960991495661228
0.1500000000000341;-0.0643;0.2574;-3.5813555452414865
0.1500000000000341;-0.0621;0.2485;-3.567568097806661
0.1500000000000341;-0.0601;0.2402;-3.5545155828915886
0.20000000000004547;-0.0581;0.2324;-3.5376219832944766
0.10000000000002274;-0.0556;0.2223;-3.5292839289314624
0.25000000000005684;-0.0543;0.2173;-3.5088128820294746
0.20000000000004547;-0.0512;0.205;-3.493879836490132
0.20000000000004547;-0.049;0.196;-3.4790984715057522
0.3000000000000682;-0.0468;0.1872;-3.4570330261436797
0.25000000000005684;-0.0435;0.1739;-3.4403238908737395
0.1500000000000341;-0.041;0.1639;-3.430453477343013
0.20000000000004547;-0.0395;0.158;-3.417870908336778
0.1500000000000341;-0.0376;0.1504;-3.4096640974829713
0.1500000000000341;-0.0364;0.1455;-3.401656880053433
0.20000000000004547;-0.0352;0.1407;-3.3910416263667145
0.20000000000004547;-0.0336;0.1343;-3.3808579673731938
0.3500000000000796;-0.0321;0.1282;-3.3624306041100307
0.1500000000000341;-0.0293;0.1172;-3.355576410158523
0.20000000000004547;-0.0283;0.113;-3.347022035157664
0.1500000000000341;-0.027;0.1079;-3.3404379719591186
0.1500000000000341;-0.026;0.104;-3.3343781644675525
0.20000000000004547;-0.0251;0.1003;-3.326243202446128
