0.0;0.6;0.36;0.0
0.44999999999999996;0.8;0.8;2.5878587093542505e-05
0.40000000000000024;0.8;0.8;3.620158421891537e-05
0.4500000000000003;0.8001;0.7999;3.961165139040046e-05
0.3500000000000003;0.8001;0.7999;1.5622702030674435e-05
0.3500000000000001;0.8;0.8;2.7975456668557525e-06
0.34999999999999876;0.8;0.8;-3.2030186599316216e-05
0.34999999999999876;0.8;0.8;5.929975959828198e-05
0.34999999999999876;-0.4;-0.4;5.475909268867071e-05
0.29999999999999893;-0.4;-0.4;6.781899971914545e-05
0.3999999999999986;-0.4;-0.4;5.8476927512756785e-05
0.34999999999999876;-0.4;-0.4;5.374414975515227e-05
0.34999999999999876;-0.4;-0.4;6.322898430181198e-05
0.3999999999999986;-0.4;-0.4;7.139912359249964e-05
0.34999999999999876;-0.4;-0.4;9.706917364372271e-05
0.34999999999999876;-0.4;-0.4;0.0001578324806460347
0.3999999999999986;-0.4;-0.4;0.00019931036645201076
0.3999999999999986;-0.8;0.8;0.16815661963365144
0.34999999999999876;-0.8;0.8;0.3133307150662037
0.29999999999999893;-0.7081;0.7081;0.4234995083799946
0.29999999999999893;-0.5428;0.5428;0.5079527236735416
0.3999999999999986;-0.4161;0.4161;0.605991458061511
0.34999999999999876;-0.2691;0.2691;0.6614693284293904
0.4000000000000057;-0.1858;0.1858;0.7052606771976586
0.30000000000000426;-0.1202;0.1202;0.7264945573239717
0.25000000000000355;-0.0883;0.0883;0.7395161718487182
0.30000000000000426;-0.0688;0.0688;0.7509161358612514
0.350000000000005;-0.0517;0.0517;0.7603107588933958
0.30000000000000426;-0.0376;0.0376;0.7661676484821915
0.30000000000000426;-0.0288;0.0288;0.7706610557451424
0.350000000000005;-0.0221;0.0221;0.7747206134239158
0.350000000000005;-0.02;0.02;0.7785460677890216
0.350000000000005;0.0;0.0;0.7785839815764941
0.30000000000000426;0.3;0.18;0.7692272413320503
0.25000000000000355;0.3;0.18;0.7614278378160824
0.350000000000005;0.3;0.18;0.750755313909674
0.350000000000005;0.3;0.18;0.7398571294487813
0.4000000000000057;0.3;0.18;0.7274272450382736
0.350000000000005;0.3;0.18;0.7167056138579475
0.350000000000005;0.3;0.18;0.7058059376555319
0.4500000000000064;0.3;0.18;0.6916031991159429
0.350000000000005;0.3;0.18;0.6807387267843299
0.350000000000005;0.3;0.18;0.6698392598196102
0.30000000000000426;0.3;0.18;0.6605513749488614
0.30000000000000426;0.3;0.18;0.651163377364007
0.350000000000005;0.3;0.18;0.6402579401341773
0.30000000000000426;0.3;0.18;0.6308788050059851
0.4000000000000057;0.3;0.18;0.6184183746681781
0.4000000000000057;0.3;0.18;0.6042958969782822
0.350000000000005;0.3;0.18;0.5919183912627561
0.350000000000005;0.3;0.18;0.5795471375555662
0.350000000000005;0.3;0.18;0.5671710011376486
0.30000000000000426;0.3;0.18;0.5565561703381522
0.350000000000005;0.3;0.18;0.5441706701269742
0.350000000000005;0.3;0.18;0.5318032708336542
0.4000000000000057;0.3;0.18;0.5176618174737926
0.30000000000000426;0.3;0.18;0.5070420891671895
0.30000000000000426;0.3;0.18;0.4964424984203777
0.30000000000000426;0.3;0.18;0.48583790050776254
0.30000000000000426;0.3;0.18;0.4752304114847624
0.4000000000000057;0.3;0.18;0.46108273475862915
0.30000000000000426;0.3;0.18;0.4504736365964598
0.4000000000000057;0.3;0.18;0.43632819300271836
0.30000000000000426;0.3;0.18;0.4257283742276645
0.4000000000000057;0.3;0.18;0.41158546065131296
0.350000000000005;0.3;0.18;0.3992182429069467
0.350000000000005;0.3;0.18;0.3868369002292025
0.4000000000000057;0.3;0.18;0.3727104259462258
0.350000000000005;0.3;0.18;0.36033336047729836
0.350000000000005;0.3;0.18;0.347961040928086
0.350000000000005;0.3;0.18;0.3356013685471236
0.350000000000005;0.3;0.18;0.32321485500669095
0.30000000000000426;0.3;0.18;0.31260874750299855
0.30000000000000426;0.3;0.18;0.30199579727972825
0.30000000000000426;0.3;0.18;0.2913919864902607
0.30000000000000426;0.3;0.18;0.2807875786009319
0.350000000000005;0.3;0.18;0.2684094311264655
0.5000000000000071;0.3;0.18;0.25073780628296527
0.350000000000005;0.3;0.18;0.23835615863695225
0.30000000000000426;0.3;0.18;0.2277483170451505
0.30000000000000426;0.3;0.18;0.21715321061502896
0.30000000000000426;0.3;0.18;0.20654302160156238
0.350000000000005;0.3;0.18;0.19416778526931947
0.30000000000000426;0.3;0.18;0.18355935552892466
0.4000000000000057;0.3;0.18;0.16942251728324786
0.350000000000005;0.3;0.18;0.15705605322887803
0.30000000000000426;0.3;0.18;0.14645777330314175
0.350000000000005;0.3;0.18;0.1340875021554857
0.350000000000005;0.3;0.18;0.12172223423940828
0.4500000000000064;0.3;0.18;0.1058134476155303
0.30000000000000426;0.3;0.18;0.095215975431103
0.350000000000005;0.3;0.18;0.08283940284302056
0.4000000000000057;0.3;0.18;0.06869852738109766
0.3499999999999801;0.3;0.18;0.05633229895728337
0.29999999999998295;0.3;0.18;0.045725926100743136
0.29999999999998295;0.3;0.18;0.03510232575297446
0.29999999999998295;0.3;0.18;0.02449571984259058
0.29999999999998295;0.3;0.18;0.01387296765373747
0.39999999999997726;0.3;0.18;-0.000275155718334516
0.4499999999999744;0.3;0.18;-0.016224049483628374
0.39999999999997726;0.3;0.18;-0.03037929403548799
0.29999999999998295;0.3;0.18;-0.040973038348409256
0.29999999999998295;0.3;0.18;-0.0515842096227983
0.2499999999999858;0.3;0.18;-0.06041077934994964
0.39999999999997726;0.3;0.18;-0.07457422576114967
0.29999999999998295;0.3;0.18;-0.08487431887704516
0.29999999999998295;0.3;0.18;-0.09480853388525702
0.39999999999997726;0.3;0.18;-0.10900137603371166
0.3499999999999801;0.3;0.18;-0.1213551225176327
0.39999999999997726;0.3;0.18;-0.13547427881211652
0.39999999999997726;0.3;0.18;-0.14905404217525356
0.29999999999998295;0.3;0.18;-0.15967986876470927
0.3499999999999801;0.3;0.18;-0.17204830469091692
0.29999999999998295;0.3;0.18;-0.18265458016505526
0.3499999999999801;0.3;0.18;-0.1945366432174513
0.29999999999998295;0.3;0.18;-0.20516598536791752
0.29999999999998295;0.3;0.18;-0.21577016117520048
0.29999999999998295;0.3;0.18;-0.2264272828347335
0.2499999999999858;0.3;0.18;-0.23501202236228214
0.29999999999998295;0.3;0.18;-0.24564007878332392
0.29999999999998295;0.3;0.18;-0.25626221996258264
0.29999999999998295;0.3;0.18;-0.2668803140402025
0.4499999999999744;0.3;0.18;-0.2828148804494519
0.29999999999998295;0.3;0.18;-0.293437676634786
0.29999999999998295;0.3;0.18;-0.3040522359972114
0.3499999999999801;0.3;0.18;-0.3149166102663847
0.3499999999999801;0.3;0.18;-0.32582194065680237
0.3499999999999801;0.3;0.18;-0.3366866140625325
0.3499999999999801;0.3;0.18;-0.34755225398247985
0.29999999999998295;0.3;0.18;-0.35669736214458125
0.39999999999997726;0.3;0.18;-0.3691117569433256
0.3499999999999801;0.3;0.18;-0.37999821476478207
0.3499999999999801;0.3;0.18;-0.3908425127514817
0.39999999999997726;0.3;0.18;-0.4033364039921908
0.3499999999999801;0.3;0.18;-0.41422001232574407
0.3499999999999801;0.3;0.18;-0.42513280856597646
0.29999999999998295;0.3;0.18;-0.43446107003991263
0.3499999999999801;0.3;0.18;-0.44531557452081433
0.39999999999997726;0.3;0.18;-0.4579425791355579
0.29999999999998295;0.3;0.18;-0.4677926692143766
0.29999999999998295;0.3;0.18;-0.4784167706848049
0.29999999999998295;0.3;0.18;-0.4890030080214716
0.29999999999998295;0.3;0.18;-0.49966321228055927
0.3499999999999801;0.3;0.18;-0.5120121251271814
0.29999999999998295;0.3;0.18;-0.5213413524416282
0.29999999999998295;0.0;0.0;-0.5213390846361068
0.4999999999999716;-0.8;0.8;-0.312470548162618
0.3499999999999801;-0.8;0.8;-0.1672507031062294
0.3499999999999801;-0.647;0.647;-0.04980700787654946
0.3499999999999801;-0.4708;0.4708;0.04727362632113945
0.3499999999999801;-0.3252;0.3252;0.11430582108116359
0.3499999999999801;-0.2246;0.2246;0.16059767023848587
0.29999999999998295;-0.1552;0.1552;0.18803782699512783
0.3499999999999801;-0.114;0.114;0.2115467204246205
0.4499999999999744;-0.0788;0.0788;0.2322064178054275
0.39999999999997726;-0.0478;0.0478;0.24348034933827922
0.3499999999999801;-0.0309;0.0309;0.24925603125003876
0.3499999999999801;-0.0222;0.0222;0.25338225995272773
0.3499999999999801;-0.02;0.02;0.25715688774475354
0.3499999999999801;0.0;0.0;0.25715331000536973
0.29999999999998295;0.8;0.8;0.2571739770123941
0.4499999999999744;0.8;0.8;0.2572004540671463
0.29999999999998295;0.8001;0.7999;0.2572266640429356
0.29999999999998295;0.8001;0.7999;0.2572551752609756
0.29999999999998295;0.8001;0.7999;0.25736113111683867
0.29999999999998295;0.8003;0.7997;0.25733126347305446
0.3499999999999801;0.8003;0.7997;0.25732248502346183
0.3499999999999801;0.8002;0.7998;0.257281939248783
0.4999999999999716;0.8002;0.7998;0.2573961530985974
0.3499999999999801;0.8004;0.7996;0.25736106587087515
0.3499999999999801;0.8003;0.7997;0.2573435405563398
0.3499999999999801;0.8003;0.7997;0.25736592321752383
0.29999999999998295;0.8003;0.7997;0.2573386763916554
0.3499999999999801;0.8003;0.7997;0.25731714542836986
0.29999999999998295;0.8002;0.7998;0.25726206145163594
0.4499999999999744;0.8002;0.7998;0.25721707657427506
0.5499999999999687;0.8001;0.7999;0.25718503231460993
0.29999999999998295;0.8;0.8;0.25713603891197856
0.3499999999999801;0.8;0.8;0.25713789534817183
0.29999999999998295;0.8;0.8;0.2571216788504597
0.29999999999998295;0.7999;0.8001;0.25705980142928225
0.29999999999998295;0.7999;0.8001;0.25702492635923146
0.29999999999998295;0.7998;0.8002;0.25704056108311235
0.39999999999997726;0.7998;0.8002;0.25720206836731013
0.3499999999999801;0.8001;0.7999;0.25718313469878057
0.39999999999997726;0.8;0.8;0.2571474748372506
0.3499999999999872;0.8;0.8;0.2571209602612403
0.3499999999999801;0.7999;0.8001;0.2570918953720858
0.39999999999997726;0.7999;0.8001;0.257116937050913
0.29999999999998295;0.7999;0.8001;0.25710612079339557
0.4499999999999744;0.7999;0.8001;0.2568698798295989
0.39999999999997726;0.7996;0.8004;0.2569102117312677
0.14999999999999147;0.6;0.36;0.2569313212498227
0.0;0.7997;0.8003;0.2569313212498227
0.0;0.7997;0.8003;0.2569313212498227
0.0;0.7997;0.8003;0.2569313212498227
0.0;0.7997;0.8003;0.2569313212498227
0.0;0.7997;0.8003;0.2569313212498227
0.0;0.7997;0.8003;0.2569313212498227
0.0;0.7997;0.8003;0.2569313212498227
0.0;0.7997;0.8003;0.2569313212498227
0.0;0.7997;0.8003;0.2569313212498227
