0.0;0.7997;0.8003;0.0
0.44999999999999996;0.8;0.8;8.686189442474621e-07
0.40000000000000024;0.8;0.8;-4.2462327582936466e-06
0.4500000000000003;0.8;0.8;-1.893809710474942e-05
0.40000000000000036;0.8;0.8;-6.314498841720921e-05
0.3999999999999997;0.7999;0.8001;-7.021607115055574e-05
0.4499999999999984;0.7999;0.8001;-0.0036417029737306973
0.29999999999999893;0.7999;0.8001;-0.003575111621832675
0.34999999999999876;-0.4;-0.4;-0.0035815662832194084
0.29999999999999893;-0.4;-0.4;-0.0035871544015824495
0.34999999999999876;-0.4;-0.4;-0.003580580253252596
0.3999999999999986;-0.4;-0.4;-0.003554195983153117
0.4499999999999984;-0.4;-0.4;-0.0035691121713607157
0.34999999999999876;-0.4;-0.4;-0.0035624744231845195
0.3999999999999986;-0.4;-0.4;-0.003581969479281988
0.29999999999999893;-0.4;-0.4;-0.0035863691631801697
0.34999999999999876;-0.8;0.8;0.1613496173716456
0.3999999999999986;-0.8;0.8;0.3273147818347283
0.34999999999999876;-0.6817;0.6817;0.45102764082327124
0.34999999999999876;-0.4961;0.4961;0.5533276855480993
0.34999999999999876;-0.3426;0.3426;0.6239578497754595
0.34999999999999876;-0.2367;0.2367;0.6727876917245994
0.3500000000000023;-0.1635;0.1635;0.7064960661874226
0.30000000000000426;-0.1129;0.1129;0.7264720216938685
0.30000000000000426;-0.0829;0.0829;0.7411163254354132
0.30000000000000426;-0.061;0.061;0.7519793168267151
0.350000000000005;-0.0447;0.0447;0.7612001337875401
0.350000000000005;-0.0308;0.0308;0.7675178717812094
0.350000000000005;-0.0214;0.0214;0.7717105475749714
0.4500000000000064;-0.02;0.02;0.7765512433381452
0.30000000000000426;0.0;0.0;0.7765575686341573
0.350000000000005;0.3;0.18;0.7656885641056824
0.350000000000005;0.3;0.18;0.7548113061674359
0.350000000000005;0.3;0.18;0.7439544927961578
0.30000000000000426;0.3;0.18;0.7346590563452919
0.350000000000005;0.3;0.18;0.7237428096600438
0.4500000000000064;0.3;0.18;0.7097876877425704
0.4000000000000057;0.3;0.18;0.6973515612733665
0.30000000000000426;0.3;0.18;0.6880011080020199
0.350000000000005;0.3;0.18;0.677158867603595
0.350000000000005;0.3;0.18;0.6662595865372591
0.350000000000005;0.3;0.18;0.6553351723941858
0.350000000000005;0.3;0.18;0.644500669336368
0.350000000000005;0.3;0.18;0.6321339730294496
0.4000000000000057;0.3;0.18;0.6179998004262367
0.350000000000005;0.3;0.18;0.6056164646198103
0.350000000000005;0.3;0.18;0.5932363197926641
0.350000000000005;0.3;0.18;0.5808943616133044
0.350000000000005;0.3;0.18;0.5685117113698279
0.4000000000000057;0.3;0.18;0.5543788493955757
0.4500000000000064;0.3;0.18;0.5384553383617993
0.4000000000000057;0.3;0.18;0.5243573784928836
0.30000000000000426;0.3;0.18;0.5137177997128279
0.30000000000000426;0.3;0.18;0.5031596291268243
0.30000000000000426;0.3;0.18;0.4925924380271287
0.4000000000000057;0.3;0.18;0.4801641087640638
0.4000000000000057;0.3;0.18;0.46773121935050826
0.5000000000000071;0.3;0.18;0.4522598767100886
0.350000000000005;0.3;0.18;0.4398775867552404
0.350000000000005;0.3;0.18;0.42749961445443074
0.350000000000005;0.3;0.18;0.4151234908064823
0.4000000000000057;0.3;0.18;0.4009891379075093
0.350000000000005;0.3;0.18;0.3886071105659993
0.4000000000000057;0.3;0.18;0.37447422602297253
0.350000000000005;0.3;0.18;0.3621002722274387
0.30000000000000426;0.3;0.18;0.35149598055140724
0.4000000000000057;0.3;0.18;0.3373526743592247
0.350000000000005;0.3;0.18;0.32498672814960855
0.350000000000005;0.3;0.18;0.3126131472090694
0.350000000000005;0.3;0.18;0.30025823584382527
0.4500000000000064;0.3;0.18;0.28434774801131685
0.4000000000000057;0.3;0.18;0.2702087210784294
0.350000000000005;0.3;0.18;0.2578420769704911
0.350000000000005;0.3;0.18;0.24546124302434813
0.350000000000005;0.3;0.18;0.2330899437625721
0.350000000000005;0.3;0.18;0.22070956186175203
0.4500000000000064;0.3;0.18;0.20478816829533247
0.350000000000005;0.3;0.18;0.19240316598887638
0.350000000000005;0.3;0.18;0.18003576517815909
0.30000000000000426;0.3;0.18;0.1694450768475601
0.350000000000005;0.3;0.18;0.15702929456736975
0.30000000000000426;0.3;0.18;0.14639334885200467
0.350000000000005;0.3;0.18;0.13403142079283498
0.4500000000000064;0.3;0.18;0.11809805985663299
0.350000000000005;0.3;0.18;0.10572926868974304
0.30000000000000426;0.3;0.18;0.09512752523876118
0.350000000000005;0.3;0.18;0.08278430545261871
0.30000000000000426;0.3;0.18;0.07210783916372077
0.350000000000005;0.3;0.18;0.059714771364880403
0.3499999999999872;0.3;0.18;0.047318653163827516
0.3499999999999801;0.3;0.18;0.035655430775420695
0.3499999999999801;0.3;0.18;0.02322596583874409
0.39999999999997726;0.3;0.18;0.009104720387105136
0.3499999999999801;0.3;0.18;-0.0032870470778057874
0.3499999999999801;0.3;0.18;-0.0156464046244461
0.29999999999998295;0.3;0.18;-0.026229876639995785
0.39999999999997726;0.3;0.18;-0.04038034717741666
0.3499999999999801;0.3;0.18;-0.051280462594085065
0.29999999999998295;0.3;0.18;-0.0606274576830848
0.3499999999999801;0.3;0.18;-0.07154517528980917
0.3499999999999801;0.3;0.18;-0.08240807448711364
0.29999999999998295;0.3;0.18;-0.09175683387633995
0.39999999999997726;0.3;0.18;-0.10589830981260269
0.4499999999999744;0.3;0.18;-0.12180475879908162
0.29999999999998295;0.3;0.18;-0.13238614460225986
0.29999999999998295;0.3;0.18;-0.1429856645153212
0.29999999999998295;0.3;0.18;-0.15357379061785695
0.29999999999998295;0.3;0.18;-0.1641716135944909
0.29999999999998295;0.3;0.18;-0.17479836710603872
0.3499999999999801;0.3;0.18;-0.18718516782537084
0.4499999999999744;0.3;0.18;-0.20309467829023622
0.3499999999999801;0.3;0.18;-0.2154360611521887
0.39999999999997726;0.3;0.18;-0.22954242723236398
0.3499999999999801;0.3;0.18;-0.24185901693004253
0.3499999999999801;0.3;0.18;-0.2540022592782981
0.3499999999999801;0.3;0.18;-0.2663768002298386
0.3499999999999801;0.3;0.18;-0.27874320909715095
0.39999999999997726;0.3;0.18;-0.2929132211861314
0.3499999999999801;0.3;0.18;-0.30524446732435406
0.3499999999999801;0.3;0.18;-0.31758981425862143
0.39999999999997726;0.3;0.18;-0.3316841565327506
0.3499999999999801;0.3;0.18;-0.34274707610161426
0.3499999999999801;0.3;0.18;-0.35513563023144273
0.4499999999999744;0.3;0.18;-0.3710425542493722
0.39999999999997726;0.3;0.18;-0.38517321531097926
0.3499999999999801;0.3;0.18;-0.3965692899553994
0.3499999999999801;0.3;0.18;-0.409183081268549
0.29999999999998295;0.3;0.18;-0.4197811835965339
0.29999999999998295;0.3;0.18;-0.4303600336788073
0.29999999999998295;0.3;0.18;-0.44093850204018736
0.4499999999999744;0.3;0.18;-0.4569371216388891
0.29999999999998295;0.3;0.18;-0.4663248295462276
0.39999999999997726;0.3;0.18;-0.4787409875918575
0.39999999999997726;0.3;0.18;-0.49115588945564387
0.3499999999999801;0.3;0.18;-0.5020369348567338
0.3499999999999801;0.3;0.18;-0.5129311490772027
0.3499999999999801;0.3;0.18;-0.523855055826049
0.4499999999999744;0.3;0.18;-0.5397519895153953
0.39999999999997726;0.3;0.18;-0.553873126112729
0.29999999999998295;0.3;0.18;-0.5644612044637509
0.29999999999998295;0.3;0.18;-0.5750613367533439
0.4499999999999744;0.3;0.18;-0.590995013446252
0.3499999999999801;0.3;0.18;-0.603365383440025
0.4499999999999744;0.3;0.18;-0.619295920634459
0.4499999999999744;0.3;0.18;-0.6351650999097278
0.3499999999999801;0.3;0.18;-0.6475617504291226
0.3499999999999801;0.3;0.18;-0.6599548288309426
0.3499999999999801;0.3;0.18;-0.6723495222844572
0.39999999999997726;0.3;0.18;-0.6864988844282365
0.3499999999999801;0.3;0.18;-0.6988706103023629
0.3499999999999801;0.3;0.18;-0.7111004654341141
0.4499999999999744;0.3;0.18;-0.7270484167687309
0.29999999999998295;0.3;0.18;-0.7376401708839855
0.3499999999999801;0.3;0.18;-0.7485168322268081
0.39999999999997726;0.3;0.18;-0.7609756336184372
0.3499999999999801;0.3;0.18;-0.771871558370205
0.3499999999999801;0.3;0.18;-0.7827196498526393
0.3499999999999801;0.3;0.18;-0.7950866437472909
0.39999999999997726;0.0;0.0;-0.7951079035750377
0.29999999999998295;-0.8;0.8;-0.6613362892462766
0.29999999999998295;-0.8;0.8;-0.5368658430055451
0.3499999999999801;-0.8;0.8;-0.39164510637171523
0.3499999999999801;-0.7038;0.7038;-0.26387067426311445
0.29999999999998295;-0.5122;0.5122;-0.1841893361739389
0.39999999999997726;-0.3927;0.3927;-0.10155151744682885
0.3499999999999801;-0.2687;0.2687;-0.04615548934488921
0.39999999999997726;-0.1856;0.1856;-0.002411449495017648
0.3499999999999801;-0.12;0.12;0.022334676868441594
0.3499999999999801;-0.0829;0.0829;0.03940865184669831
0.29999999999998295;-0.0573;0.0573;0.04903665128715489
0.29999999999998295;-0.0428;0.0428;0.056610198953170876
0.3499999999999801;-0.0315;0.0315;0.06308418082154664
0.3499999999999801;-0.0217;0.0217;0.0673505276799198
0.29999999999998295;-0.02;0.02;0.0708532328198258
0.29999999999998295;0.0;0.0;0.07086202424894164
0.29999999999998295;0.8;0.8;0.07085058355643847
0.29999999999998295;0.8;0.8;0.07084955589341212
0.3499999999999801;0.8;0.8;0.07085805605900894
0.4499999999999744;0.8;0.8;0.07080984863052961
0.3499999999999872;0.7999;0.8001;0.07088601445034706
0.3499999999999801;0.8;0.8;0.07091488995148351
0.39999999999997726;0.8001;0.7999;0.07104065888497103
0.3499999999999801;0.8003;0.7997;0.07109822279370308
0.29999999999998295;0.8004;0.7996;0.07110296532629229
0.3499999999999801;0.8004;0.7996;0.07106793556485261
0.3499999999999801;0.8003;0.7997;0.07101747241810065
0.29999999999998295;0.8002;0.7998;0.07101922309979763
0.29999999999998295;0.8002;0.7998;0.07103606280769441
0.3499999999999801;0.8003;0.7997;0.07097470533836733
0.3499999999999801;0.8002;0.7998;0.07094544647066585
0.29999999999998295;0.8001;0.7999;0.07090217247736869
0.39999999999997726;0.8001;0.7999;0.07102126732291669
0.39999999999997726;0.8003;0.7997;0.0710197405656431
0.29999999999998295;0.8002;0.7998;0.07102372485514952
0.29999999999998295;0.8003;0.7997;0.07107952987278805
0.29999999999998295;0.8003;0.7997;0.07100685487068921
0.29999999999998295;0.8002;0.7998;0.07098197006769486
0.29999999999998295;0.8002;0.7998;0.07095371902704027
0.39999999999997726;0.8002;0.7998;0.07107321499256936
0.4499999999999744;0.8003;0.7997;0.07101134901555801
0.39999999999997726;0.8002;0.7998;0.07091796612922029
0.3499999999999801;0.8001;0.7999;0.07095038117923755
0.39999999999997726;0.8001;0.7999;0.0709624843868624
0.29999999999998295;0.8002;0.7998;0.07094635994798523
0.3499999999999801;0.8001;0.7999;0.07104976725889806
0.39999999999997726;0.8003;0.7997;0.07102775399628694
0.29999999999998295;0.8003;0.7997;0.0709844974226189
0.39999999999997726;0.8002;0.7998;0.07115758211495432
0.3499999999999801;0.8005;0.7995;0.07113095593314168
0.3499999999999801;0.8004;0.7996;0.0710781569358529
0.3499999999999801;0.8003;0.7997;0.07110372043455175
0.29999999999998295;0.8003;0.7997;0.0711402975669765
0.29999999999998295;-0.4;-0.4;0.07114201559471149
0.39999999999997726;-0.4;-0.4;0.07113420986024618
0.29999999999998295;-0.4;-0.4;0.07114351836171202
0.29999999999998295;-0.4;-0.4;0.07117585237094776
0.29999999999998295;-0.4;-0.4;0.07120002288937395
0.29999999999998295;-0.4;-0.4;0.07124917905754605
0.29999999999998295;-0.4;-0.4;0.07129209192589414
0.29999999999998295;-0.4;-0.4;0.07127929310898326
0.4999999999999716;-0.4;-0.4;0.07129838472265514
0.3499999999999801;-0.4;-0.4;0.07129679039885145
0.3499999999999801;-0.4;-0.4;0.07129140603592465
0.29999999999998295;-0.4;-0.4;0.0712925800013166
0.29999999999998295;-0.4;-0.4;0.07127210109406087
0.29999999999998295;-0.4;-0.4;0.07126438920227086
0.29999999999998295;-0.4;-0.4;0.0712837604983364
0.3499999999999801;-0.4;-0.4;0.07130196635453362
0.3499999999999801;-0.4;-0.4;0.07124493106237169
0.3499999999999801;-0.4;-0.4;0.07117458712676772
0.3499999999999801;-0.4;-0.4;0.07111585282577625
0.29999999999998295;-0.4;-0.4;0.0711185904472044
0.3499999999999801;-0.4;-0.4;0.07107660918493579
0.29999999999998295;-0.4;-0.4;0.07103500604915208
0.3499999999999801;-0.4;-0.4;0.07100893237369818
0.3499999999999801;-0.4;-0.4;0.07097327893003158
0.3499999999999801;-0.4;-0.4;0.07094920376609139
0.29999999999998295;0.8;-0.8;-0.053564364943890996
0.3499999999999801;0.8;-0.8;-0.19875846179669476
0.3499999999999801;0.8;-0.8;-0.34396828745007957
0.3499999999999801;0.8;-0.8;-0.5089336288062749
0.39999999999997726;0.8;-0.8;-0.6747839622193247
0.3499999999999801;0.8;-0.8;-0.8199760565391445
0.3499999999999801;0.8;-0.8;-0.9652068763205082
0.3499999999999801;0.8;-0.8;-1.1104120661674974
0.3499999999999801;0.8;-0.8;-1.2556871358569315
0.3499999999999801;0.8;-0.8;-1.400914447335196
0.29999999999998295;0.8;-0.8;-1.5253672744888869
0.39999999999997726;0.8;-0.8;-1.691362593744639
0.29999999999998295;0.8;-0.8;-1.8158346155521201
0.29999999999998295;0.8;-0.8;-1.941119953397889
0.3499999999999801;0.8;-0.8;-2.0863426306998982
0.29999999999998295;0.8;-0.8;-2.2108150386562646
0.3499999999999801;0.8;-0.8;-2.3717502942499773
0.39999999999997726;0.8;-0.8;-2.5377213877826494
0.4999999999999716;0.7992;-0.7992;-2.744954431788604
0.3499999999999801;0.4883;-0.4883;-2.833596806969165
0.39999999999997726;0.3553;-0.3553;-2.9173397554948095
0.29999999999998295;0.2297;-0.2297;-2.9579465987981703
0.29999999999998295;0.1688;-0.1688;-2.9878063908204595
0.3499999999999801;0.124;-0.124;-3.0134034674722985
0.3499999999999801;0.0856;-0.0856;-3.0302067620366704
0.29999999999998295;0.0604;-0.0604;-3.040873710362006
0.39999999999997726;0.0444;-0.0444;-3.05135194521705
0.3499999999999801;0.0287;-0.0287;-3.057269382248953
0.3499999999999801;0.02;-0.02;-3.061425340601778
0.29999999999998295;0.0;0.0;-3.0614170394800135
0.3499999999999801;0.8136;0.7864;-3.063931885548776
0.3499999999999801;0.8098;0.7902;-3.0659553245126143
0.3499999999999801;0.8068;0.7932;-3.0671972739040685
0.39999999999997726;0.8049;0.7951;-3.0682315441344614
0.3499999999999801;0.8034;0.7966;-3.0688822128966264
0.3499999999999801;0.8024;0.7976;-3.0693217068292484
0.29999999999998295;0.8018;0.7982;-3.0696132870812645
0.29999999999998295;0.8013;0.7987;-3.0698973204677644
0.29999999999998295;0.8009;0.7991;-3.0700655531328684
0.29999999999998295;0.8006;0.7994;-3.070172539386683
0.4499999999999744;0.8005;0.7995;-3.070298422966089
0.3499999999999801;0.8003;0.7997;-3.0703950598616867
0.3499999999999801;0.8001;0.7999;-3.0704630411851035
0.3499999999999801;0.8;0.8;-3.070542566134751
0.3499999999999801;0.7999;0.8001;-3.070655134267185
0.29999999999998295;0.7998;0.8002;-3.0706436762223586
0.3499999999999801;0.7998;0.8002;-3.0706346637195985
0.3499999999999801;0.7998;0.8002;-3.070641118423841
0.39999999999997726;0.7998;0.8002;-3.070606517867956
0.3499999999999801;0.7998;0.8002;-3.0705956101973526
0.3499999999999801;0.7998;0.8002;-3.0705775163398186
0.39999999999997726;0.7999;0.8001;-3.0705896733331572
0.3499999999999801;0.7998;0.8002;-3.0705402604578254
0.3499999999999801;0.7999;0.8001;-3.070545756757833
0.3499999999999801;0.7999;0.8001;-3.0705317340406424
0.4499999999999744;0.7999;0.8001;-3.0705392207657973
0.3499999999999801;0.7999;0.8001;-3.070588297059342
0.29999999999998295;0.7999;0.8001;-3.070549053913649
0.39999999999997726;0.7999;0.8001;-3.0705350341216984
0.29999999999998295;0.7999;0.8001;-3.0705529573121866
0.3499999999999801;0.7999;0.8001;-3.070649349158906
0.3499999999999801;0.7998;0.8002;-3.070715246799369
0.3499999999999801;0.7997;0.8003;-3.070678428606602
0.39999999999997726;0.7997;0.8003;-3.0706197459094366
0.3499999999999801;0.7998;0.8002;-3.070596543167524
0.29999999999998295;0.7998;0.8002;-3.0705712437992836
0.29999999999998295;0.7999;0.8001;-3.070571706634002
0.3499999999999801;0.7999;0.8001;-3.070533956498246
0.3499999999999801;0.7999;0.8001;-3.0673905575514326
0.29999999999998295;0.7999;0.8001;-3.0674110011151114
0.3499999999999801;-0.4;-0.4;-3.067415472340596
0.3499999999999801;-0.4;-0.4;-3.0674166125221354
0.3499999999999801;-0.4;-0.4;-3.067420599192364
0.3499999999999801;-0.4;-0.4;-3.067419886563156
0.3499999999999801;-0.4;-0.4;-3.067424798311559
0.3499999999999801;-0.4;-0.4;-3.0674374034928062
0.3499999999999801;-0.4;-0.4;-3.0674437148229736
0.29999999999998295;-0.4;-0.4;-3.0674396759898004
0.4499999999999744;-0.4;-0.4;-3.0674474559157376
0.3499999999999801;0.8;-0.8;-3.2182918466176607
0.29999999999998295;0.8;-0.8;-3.342756401567805
0.39999999999997726;0.765;-0.765;-3.502889279763865
0.39999999999997726;0.5248;-0.5248;-3.6266015297408556
0.3499999999999801;0.3393;-0.3393;-3.6965739660942254
0.3499999999999801;0.2343;-0.2343;-3.7449001600704737
0.4499999999999744;0.1618;-0.1618;-3.7878215329816247
0.29999999999998295;0.0975;-0.0975;-3.8050527809385923
0.39999999999997726;0.0716;-0.0716;-3.8219169735997074
0.29999999999998295;0.0463;-0.0463;-3.830069552132937
0.29999999999998295;0.0341;-0.0341;-3.8360843021340076
0.29999999999998295;0.0251;-0.0251;-3.8405074663553083
0.3499999999999801;0.02;-0.02;-3.8446205478284465
0.4999999999999716;0.0;0.0;-3.844637026070097
0.29999999999998295;0.18;0.3;-3.8339825499220703
0.3499999999999801;0.18;0.3;-3.821618345201421
0.3499999999999801;0.18;0.3;-3.8107273271843445
0.3499999999999801;0.18;0.3;-3.7998705622469258
0.29999999999998295;0.18;0.3;-3.7905504814821938
0.29999999999998295;0.18;0.3;-3.7811953142133405
0.3499999999999801;0.18;0.3;-3.770320948972447
0.4499999999999744;0.18;0.3;-3.756321271294538
0.29999999999998295;0.18;0.3;-3.74701604799321
0.29999999999998295;0.18;0.3;-3.737716124351077
0.3499999999999801;0.18;0.3;-3.7256880252835662
0.3499999999999801;0.18;0.3;-3.7132947145456456
0.3499999999999801;0.18;0.3;-3.7009340333755825
0.3499999999999801;0.18;0.3;-3.6885610819798633
0.39999999999997726;0.18;0.3;-3.676048803784123
0.39999999999997726;0.18;0.3;-3.6635943571299854
0.3499999999999801;0.18;0.3;-3.652628069789891
0.3499999999999801;0.18;0.3;-3.6418763526654225
0.29999999999998295;0.18;0.3;-3.632521566731361
0.29999999999998295;0.18;0.3;-3.62317486102456
0.29999999999998295;0.18;0.3;-3.613860104343611
0.29999999999998295;0.18;0.3;-3.6045209349392415
0.4499999999999744;0.18;0.3;-3.5905471294665556
0.3499999999999801;0.18;0.3;-3.579581751827751
0.3499999999999801;0.18;0.3;-3.5686960031332595
0.29999999999998295;0.18;0.3;-3.559401470620785
0.3499999999999801;0.18;0.3;-3.5485352808079447
0.3499999999999801;0.18;0.3;-3.5376770419279886
0.3499999999999801;0.18;0.3;-3.526802533233653
0.39999999999997726;0.18;0.3;-3.5143128958402157
0.3499999999999801;0.18;0.3;-3.5033985519909754
0.29999999999998295;0.18;0.3;-3.494104486252486
0.29999999999998295;0.18;0.3;-3.4847994902020374
0.3499999999999801;0.18;0.3;-3.473476836511081
0.35000000000006537;0.18;0.3;-3.4611058954169556
0.40000000000009095;0.18;0.3;-3.4469358008379656
0.4500000000001023;0.18;0.3;-3.4329287574195777
0.40000000000009095;0.18;0.3;-3.4205303520075634
0.40000000000009095;0.18;0.3;-3.4080710857501457
0.3500000000000796;0.18;0.3;-3.397171010204973
0.5000000000001137;0.18;0.3;-3.3816737548473994
0.3500000000000796;0.18;0.3;-3.3708203749523724
0.3500000000000796;0.18;0.3;-3.360020202354812
0.3500000000000796;0.18;0.3;-3.3491274879642527
0.5000000000001137;0.18;0.3;-3.333572796822408
0.40000000000009095;0.18;0.3;-3.3211473825381246
0.40000000000009095;0.18;0.3;-3.308063034837655
0.40000000000009095;0.18;0.3;-3.293927135073294
0.40000000000009095;0.18;0.3;-3.2798062356543904
0.40000000000009095;0.18;0.3;-3.2656853233130114
0.3000000000000682;0.18;0.3;-3.25512417000625
0.4500000000001023;0.18;0.3;-3.241156227741832
0.3500000000000796;0.18;0.3;-3.2302436256649147
0.3500000000000796;0.18;0.3;-3.219385474834032
0.40000000000009095;0.18;0.3;-3.2070067765810357
0.3500000000000796;0.18;0.3;-3.196102784752384
0.40000000000009095;0.18;0.3;-3.182018277592058
0.4500000000001023;0.18;0.3;-3.166139324015278
0.3500000000000796;0.18;0.3;-3.1538326355494837
0.3500000000000796;0.18;0.3;-3.141491989412086
0.3500000000000796;0.18;0.3;-3.1307130542204473
0.3000000000000682;0.18;0.3;-3.1213922119143964
0.3000000000000682;0.18;0.3;-3.1120582707583897
0.3000000000000682;0.18;0.3;-3.10269801757893
0.4500000000001023;0.18;0.3;-3.08867436567143
0.3500000000000796;0.18;0.3;-3.0779571782907142
0.3000000000000682;0.18;0.3;-3.068648281057965
0.3000000000000682;0.18;0.3;-3.0594651068862073
0.40000000000009095;0.18;0.3;-3.0470260643651885
0.3500000000000796;0.18;0.3;-3.036149128033643
0.3500000000000796;0.18;0.3;-3.0253230924886454
0.3500000000000796;0.18;0.3;-3.0144557732331596
0.3000000000000682;0.18;0.3;-3.003864552437384
0.3000000000000682;0.18;0.3;-2.99326347488767
0.3000000000000682;0.18;0.3;-2.9826530772115927
0.3000000000000682;0.18;0.3;-2.9730197831143172
0.40000000000009095;0.18;0.3;-2.9588612907855176
0.40000000000009095;0.18;0.3;-2.9447256464551224
0.5000000000001137;0.18;0.3;-2.927046798115834
0.40000000000009095;0.18;0.3;-2.9129351304744358
0.40000000000009095;0.18;0.3;-2.8988563432555914
0.3500000000000796;0.18;0.3;-2.8864959167903295
0.3000000000000682;0.18;0.3;-2.8758092186661286
0.3500000000000796;0.18;0.3;-2.863412856728779
0.3000000000000682;0.18;0.3;-2.8527714863889546
0.40000000000009095;0.18;0.3;-2.840252733620662
0.3500000000000796;0.18;0.3;-2.8278878199785336
0.3500000000000796;0.18;0.3;-2.815515382217931
0.40000000000009095;0.18;0.3;-2.801407249895938
0.3500000000000796;0.18;0.3;-2.7905484400041476
0.3500000000000796;0.18;0.3;-2.779702811758862
0.3500000000000796;0.18;0.3;-2.768825400309081
0.40000000000009095;0.18;0.3;-2.756393127630713
0.3000000000000682;0.18;0.3;-2.74708661296257
0.3500000000000796;0.18;0.3;-2.736199016977283
0.3500000000000796;0.18;0.3;-2.7253258316914355
0.3500000000000796;0.18;0.3;-2.71437534976407
0.40000000000009095;0.18;0.3;-2.701978560391022
0.3500000000000796;0.18;0.3;-2.6911449110277297
0.5000000000001137;0.18;0.3;-2.6756041663467913
0.3500000000000796;0.18;0.3;-2.66453450159677
0.3500000000000796;0.18;0.3;-2.653649724810826
0.3000000000000682;0.18;0.3;-2.6443229485628654
0.3000000000000682;0.18;0.3;-2.63500868598402
0.3500000000000796;0.18;0.3;-2.624144689327753
0.3500000000000796;0.18;0.3;-2.61324324747667
0.5000000000001137;0.18;0.3;-2.5978978647206086
0.3500000000000796;0.18;0.3;-2.5870209203047594
0.3000000000000682;0.18;0.3;-2.5776968688753725
0.3500000000000796;0.18;0.3;-2.566869213278655
0.3500000000000796;0.18;0.3;-2.555982608764578
0.3500000000000796;0.18;0.3;-2.545080381802103
0.3500000000000796;0.18;0.3;-2.5341912361040153
0.40000000000009095;0.18;0.3;-2.521830899786897
0.40000000000009095;0.18;0.3;-2.509437682185267
0.3500000000000796;0.18;0.3;-2.4985642097716037
0.40000000000009095;0.18;0.3;-2.486152955167558
0.40000000000009095;0.18;0.3;-2.4737781921950375
0.3500000000000796;0.18;0.3;-2.462918027590949
0.40000000000009095;0.18;0.3;-2.4505262660252414
0.5000000000001137;0.18;0.3;-2.4349285723818777
0.3000000000000682;0.18;0.3;-2.425631237975303
0.3000000000000682;0.18;0.3;-2.41631622833565
0.3000000000000682;0.18;0.3;-2.4069349651502545
0.40000000000009095;0.18;0.3;-2.394430973056391
0.3500000000000796;0.18;0.3;-2.3835605283574983
0.3500000000000796;0.18;0.3;-2.372761065170094
0.4500000000001023;0.18;0.3;-2.358743954437089
0.3500000000000796;0.18;0.3;-2.3478693263112236
0.3500000000000796;0.18;0.3;-2.336992219231185
0.3500000000000796;0.18;0.3;-2.326086921933507
0.3500000000000796;0.18;0.3;-2.3151934923252058
0.3500000000000796;0.18;0.3;-2.304287102619705
0.3000000000000682;0.18;0.3;-2.294974382662419
0.40000000000009095;0.18;0.3;-2.2808275940564795
0.3500000000000796;0.0;0.0;-2.2808363726325562
0.3500000000000796;0.8;-0.8;-2.4260653338225655
0.3500000000000796;0.8;-0.8;-2.577445285867609
0.40000000000009095;0.8;-0.8;-2.7434078545667178
0.40000000000009095;0.6151;-0.6151;-2.8786755181049384
0.3500000000000796;0.4122;-0.4122;-2.9636954328472402
0.4500000000001023;0.2847;-0.2847;-3.039168537141859
0.40000000000009095;0.1715;-0.1715;-3.0795842426979925
0.3000000000000682;0.1109;-0.1109;-3.0991952977354007
0.3500000000000796;0.0814;-0.0814;-3.1159743638342268
0.3000000000000682;0.0563;-0.0563;-3.1258972038457675
0.3000000000000682;0.0414;-0.0414;-3.1329881867449707
0.3000000000000682;0.0308;-0.0308;-3.1384401513529685
0.4500000000001023;0.0226;-0.0226;-3.1444733902909516
0.3500000000000796;0.0;0.0;-3.1444757691146297
0.40000000000009095;0.8;0.8;-3.144537375609286
0.3500000000000796;0.7999;0.8001;-3.144492911507687
0.3500000000000796;0.8;0.8;-3.1445054267871897
0.3500000000000796;0.8;0.8;-3.144497964263808
0.3000000000000682;0.8;0.8;-3.144455999490408
0.40000000000009095;0.8;0.8;-3.1445882426189247
0.3000000000000682;0.7998;0.8002;-3.144573140232952
0.3000000000000682;0.7999;0.8001;-3.1445847331353374
0.3500000000000796;0.7998;0.8002;-3.144529253979613
0.40000000000009095;0.7999;0.8001;-3.144516360925815
0.3000000000000682;0.7999;0.8001;-3.1443969098728277
0.3500000000000796;0.8001;0.7999;-3.1443061906382614
0.5000000000001137;0.8003;0.7997;-3.144376562468981
0.3500000000000796;0.8001;0.7999;-3.1443767412058716
0.3000000000000682;0.8001;0.7999;-3.1443273363694066
0.3500000000000796;0.8002;0.7998;-3.144412198330391
0.3000000000000682;0.8002;0.7998;-3.143336715181927
0.25000000000005684;-0.4;-0.4;-3.1433328858266583
0.3500000000000796;-0.4;-0.4;-3.1433597482566715
0.3500000000000796;-0.4;-0.4;-3.1433812824082406
0.4500000000001023;-0.4;-0.4;-3.1434328129338636
0.3000000000000682;-0.4;-0.4;-3.143446507072997
0.3500000000000796;-0.4;-0.4;-3.143457175396763
0.3000000000000682;-0.4;-0.4;-3.1434231667783337
0.3500000000000796;-0.4;-0.4;-3.1434568413777373
0.3500000000000796;-0.4;-0.4;-3.143451037481825
0.40000000000009095;-0.4;-0.4;-3.1434572266283483
0.4500000000001023;-0.4;-0.4;-3.143438938271627
0.3000000000000682;-0.4;-0.4;-3.1434727950901813
0.3000000000000682;-0.4;-0.4;-3.1434428692155607
0.3000000000000682;-0.4;-0.4;-3.143424726049625
0.3000000000000682;-0.4;-0.4;-3.1434299708911517
0.3000000000000682;-0.4;-0.4;-3.1434300606166814
0.3500000000000796;-0.4;-0.4;-3.143430255288557
0.5000000000001137;-0.4;-0.4;-3.1434598643698237
0.3500000000000796;-0.4;-0.4;-3.14356533992964
0.3000000000000682;-0.4;-0.4;-3.1435862142730486
0.3000000000000682;-0.4;-0.4;-3.1436137471431027
0.3000000000000682;-0.4;-0.4;-3.1436266367564736
0.3500000000000796;-0.4;-0.4;-3.143657136295108
0.3000000000000682;-0.4;-0.4;-3.143640125030567
0.40000000000009095;0.8;-0.2;-3.261507703575991
0.40000000000009095;0.8;-0.2;-3.3793130402174736
0.40000000000009095;0.8;-0.2;-3.4971311365299997
0.3500000000000796;0.8;-0.2;-3.600210609869913
0.3500000000000796;0.8;-0.2;-3.698525643676008
0.3500000000000796;0.8;-0.2;-3.8016970661009064
0.3000000000000682;0.8;-0.2;-3.8900771337287576
0.3500000000000796;0.8;-0.2;-3.993213943432803
0.3500000000000796;0.8;-0.2;-4.096329312344738
0.3500000000000796;0.8;-0.2;-4.199434083472816
0.3500000000000796;0.8;-0.2;-4.302552685196644
0.3500000000000796;0.8;-0.2;-4.405664583649568
0.40000000000009095;0.8;-0.2;-4.523494972284385
0.3000000000000682;0.8;-0.2;-4.601181772901171
0.3500000000000796;0.8;-0.2;-4.702139278464921
0.3500000000000796;0.8;-0.2;-4.8052551749635075
0.4500000000001023;0.8;-0.2;-4.937817088446244
0.3500000000000796;0.8;-0.2;-5.0409342781236575
0.3500000000000796;0.8;-0.2;-5.144047458931516
0.3000000000000682;0.8;-0.2;-5.232427750444623
0.3500000000000796;0.8;-0.2;-5.335519535385238
0.3000000000000682;0.8;-0.2;-5.42390239720338
0.3500000000000796;0.8;-0.2;-5.526987838515793
0.4500000000001023;0.8;-0.2;-5.659547214336669
0.3000000000000682;0.8;-0.2;-5.74793280927209
0.3000000000000682;0.8;-0.2;-5.836302168188017
0.3500000000000796;0.6746;-0.1686;-5.9232584209724335
0.3000000000000682;0.5441;-0.136;-5.983382152182924
0.3500000000000796;0.4539;-0.1135;-6.0418810221104335
0.3000000000000682;0.3662;-0.0915;-6.082324291496414
0.3500000000000796;0.3055;-0.0764;-6.121704851455538
0.3500000000000796;0.2465;-0.0616;-6.153366262226646
0.3000000000000682;0.199;-0.0497;-6.175353510012063
0.3500000000000796;0.166;-0.0415;-6.196732710967542
0.3500000000000796;0.1339;-0.0335;-6.213979205213206
0.3000000000000682;0.108;-0.027;-6.225895099001872
0.3000000000000682;0.0902;-0.0225;-6.235845186766883
0.4500000000001023;0.0752;-0.0188;-6.248116280653875
0.40000000000009095;0.0568;-0.0142;-6.256499627695483
0.3500000000000796;0.0443;-0.0111;-6.262190333186675
0.3500000000000796;0.0357;-0.0089;-6.266790874448455
0.3500000000000796;0.0288;-0.0072;-6.270523632024649
0.3500000000000796;0.0232;-0.0058;-6.273525006029341
0.3000000000000682;0.02;-0.005;-6.275746372974437
0.40000000000009095;0.02;-0.005;-6.278712668874509
0.3000000000000682;0.0;0.0;-6.278709735608891
0.3000000000000682;0.8109;0.7891;-6.28062507989786
0.3000000000000682;0.8081;0.7919;-6.282028975922539
0.3500000000000796;0.806;0.794;-6.2830955483561315
0.40000000000009095;0.8044;0.7956;-6.283987895748845
0.40000000000009095;0.803;0.797;-6.284658537947543
0.5000000000001137;0.802;0.798;-6.285189410201043
0.3000000000000682;0.8012;0.7988;-6.285413357591125
0.3500000000000796;0.8009;0.7991;-6.285579711981271
0.3500000000000796;0.8006;0.7994;-6.285741922441658
0.3000000000000682;0.8004;0.7996;-6.2858014281576615
0.3500000000000796;0.8003;0.7997;-6.285883217777489
0.3500000000000796;0.8002;0.7998;-6.28599331786352
0.4500000000001023;0.8;0.8;-6.285998239430708
0.3500000000000796;0.8;0.8;-6.2859572319244945
0.40000000000009095;0.8001;0.7999;-6.2859889685939
0.3500000000000796;0.8;0.8;-6.2859674498328175
0.3500000000000796;0.8001;0.7999;-6.2859869826961186
0.3500000000000796;0.8;0.8;-6.2860840193019305
0.40000000000009095;0.7999;0.8001;-6.286095049454431
0.3000000000000682;0.7999;0.8001;-6.286046260789272
0.3500000000000796;0.7999;0.8001;-6.285961550426216
0.3500000000000796;0.8001;0.7999;-6.285979867258708
0.3500000000000796;0.8;0.8;-6.285916900497789
0.3500000000000796;0.8001;0.7999;-6.285934756763829
0.3000000000000682;0.8001;0.7999;-6.285938223026179
0.3000000000000682;0.8001;0.7999;-6.285937421050502
0.40000000000009095;0.8001;0.7999;-6.285920961230327
0.3000000000000682;0.8001;0.7999;-6.285937040029934
0.3000000000000682;0.8001;0.7999;-6.285937270282024
0.3000000000000682;0.8001;0.7999;-6.285938301389093
0.3000000000000682;0.8001;0.7999;-6.285891397499666
0.3000000000000682;0.8002;0.7998;-6.285914989944617
0.3000000000000682;0.8001;0.7999;-6.285897206825401
0.40000000000009095;0.8002;0.7998;-6.285897725393535
0.3000000000000682;0.8002;0.7998;-6.285920099995721
0.3500000000000796;0.8001;0.7999;-6.286005353921581
0.3500000000000796;0.8;0.8;-6.28599754436466
0.3500000000000796;0.8;0.8;-6.285992732564712
0.3000000000000682;0.8;0.8;-6.286002784454808
0.3000000000000682;0.8;0.8;-6.285988235857557
0.40000000000009095;0.8;0.8;-6.286051854840848
0.3000000000000682;0.7999;0.8001;-6.285855347709035
0.3000000000000682;0.8002;0.7998;-6.2858562488483125
0.3000000000000682;0.8002;0.7998;-6.28592017065484
0.3000000000000682;0.8001;0.7999;-6.285950488174629
0.3000000000000682;0.8001;0.7999;-6.285950290480912
0.3000000000000682;0.8001;0.7999;-6.285955900435562
0.4500000000001023;0.8001;0.7999;-6.2857290765659295
0.3500000000000796;0.8004;0.7996;-6.285700899622469
0.3500000000000796;0.8005;0.7995;-6.285790288578513
0.3000000000000682;0.8003;0.7997;-6.285788416558066
0.3000000000000682;0.8003;0.7997;-6.285800747558154
0.3000000000000682;0.8003;0.7997;-6.285809683876696
0.3000000000000682;0.8003;0.7997;-6.285870568239061
0.3000000000000682;0.8002;0.7998;-6.2858937263314205
0.40000000000009095;0.8002;0.7998;-6.285932525180408
0.3500000000000796;0.8001;0.7999;-6.2858166251443945
0.3500000000000796;0.8003;0.7997;-6.2858215441457395
0.3500000000000796;0.8003;0.7997;-6.285821230977578
0.3500000000000796;0.8003;0.7997;-6.285889026225564
0.3500000000000796;0.8002;0.7998;-6.285917025282938
0.3000000000000682;0.8001;0.7999;-6.28594069620507
0.3000000000000682;0.8001;0.7999;-6.285962727271224
0.40000000000009095;0.8001;0.7999;-6.286108073345341
0.3500000000000796;0.7998;0.8002;-6.286080358126178
0.3000000000000682;0.7999;0.8001;-6.28611793384416
0.3000000000000682;0.7998;0.8002;-6.28617607668301
0.3500000000000796;0.7997;0.8003;-6.28614004416662
0.25000000000005684;0.7998;0.8002;-6.286102742523449
0.3500000000000796;0.7999;0.8001;-6.286157350777806
0.3500000000000796;0.7998;0.8002;-6.286169679092453
0.4500000000001023;0.7998;0.8002;-6.286148607953035
0.3000000000000682;0.7998;0.8002;-6.286057834581609
0.3000000000000682;0.7999;0.8001;-6.286062337206806
0.3000000000000682;0.7999;0.8001;-6.286002873724755
0.3000000000000682;0.8;0.8;-6.285952440289146
0.3000000000000682;0.8001;0.7999;-6.285942340806102
0.3000000000000682;0.8001;0.7999;-6.2859797132565856
0.3500000000000796;0.8;0.8;-6.286014796663824
0.3000000000000682;0.8;0.8;-6.286018753123749
0.3500000000000796;0.8;0.8;-6.286013076616996
0.40000000000009095;0.8;0.8;-6.2859918541478415
0.40000000000009095;0.8;0.8;-6.285989243005592
0.3500000000000796;0.8;0.8;-6.285997008900018
0.3500000000000796;0.8;0.8;-6.285992844536374
0.4500000000001023;0.8;0.8;-6.285942270272661
0.3500000000000796;0.8001;0.7999;-6.28581882867931
0.3500000000000796;0.8003;0.7997;-6.285810553365282
0.3500000000000796;0.8003;0.7997;-6.285850340862462
0.3000000000000682;0.8002;0.7998;-6.285854511020184
0.3500000000000796;0.8002;0.7998;-6.285816408423604
0.40000000000009095;0.8003;0.7997;-6.2857314810070335
0.4500000000001023;0.8004;0.7996;-6.28578995922407
0.3500000000000796;0.8003;0.7997;-6.285701659140343
0.40000000000009095;0.8005;0.7995;-6.28570129728294
0.40000000000009095;0.8005;0.7995;-6.285699434404824
0.3500000000000796;0.8005;0.7995;-6.28565821702116
0.3500000000000796;0.8005;0.7995;-6.285606517651326
0.40000000000009095;0.8006;0.7994;-6.285675923383719
0.3500000000000796;0.8005;0.7995;-6.285614952543827
0.3000000000000682;0.8006;0.7994;-6.285633315008023
0.3500000000000796;0.8006;0.7994;-6.285698302723141
0.3500000000000796;0.8005;0.7995;-6.285810407736982
0.3500000000000796;0.8003;0.7997;-6.285762771437001
0.3500000000000796;0.8004;0.7996;-6.285790338544051
0.4500000000001023;0.8003;0.7997;-6.285864047552899
0.4500000000001023;0.8002;0.7998;-6.285814129794045
0.3500000000000796;0.8003;0.7997;-6.285792601795807
0.3000000000000682;0.8003;0.7997;-6.285756165114678
0.3000000000000682;0.8004;0.7996;-6.285754405143939
0.3000000000000682;0.8004;0.7996;-6.28581069441383
0.3500000000000796;0.8003;0.7997;-6.285648803745381
0.3500000000000796;0.8005;0.7995;-6.28563765993505
0.40000000000009095;0.8006;0.7994;-6.2855973176184285
0.40000000000009095;0.8006;0.7994;-6.285638109540539
0.40000000000009095;0.8006;0.7994;-6.285644210547157
0.3500000000000796;0.8005;0.7995;-6.285589767173808
0.40000000000009095;0.8006;0.7994;-6.285591181921441
0.40000000000009095;0.8006;0.7994;-6.285490358290134
0.40000000000009095;0.8008;0.7992;-6.285516399324656
0.40000000000009095;0.8007;0.7993;-6.285475062305128
0.3500000000000796;0.8008;0.7992;-6.285428696685525
0.3500000000000796;0.8009;0.7991;-6.285401562836538
0.3500000000000796;0.8009;0.7991;-6.285419304726671
0.3500000000000796;0.8009;0.7991;-6.285402044617937
0.3500000000000796;0.8009;0.7991;-6.285426337319898
0.4500000000001023;0.8009;0.7991;-6.285430934359741
0.40000000000009095;0.8009;0.7991;-6.285457889946253
0.3500000000000796;0.8008;0.7992;-6.285452590768594
0.3000000000000682;0.8008;0.7992;-6.28548834897335
0.3000000000000682;0.8008;0.7992;-6.2855143853967155
0.3000000000000682;0.8007;0.7993;-6.285468018792325
0.3500000000000796;0.8008;0.7992;-6.285454896712405
