0.0;0.7997;0.8003;0.0
0.44999999999999996;0.8;0.8;-1.6147148277388367e-05
0.5000000000000003;0.8;0.8;1.632350549462933e-05
0.30000000000000016;0.8;0.8;2.684050424418232e-05
0.30000000000000027;0.8;0.8;3.4265617481678986e-05
0.30000000000000027;0.8001;0.7999;2.6719996183693146e-05
0.3499999999999992;0.8;0.8;1.651692456774548e-05
0.29999999999999893;0.8;0.8;1.1733704871308613e-05
0.29999999999999893;-0.4;-0.4;1.1325010666563035e-05
0.34999999999999876;-0.4;-0.4;1.9199068115178588e-05
0.34999999999999876;-0.4;-0.4;2.713929459414814e-05
0.34999999999999876;-0.4;-0.4;1.2484549632012258e-05
0.29999999999999893;-0.4;-0.4;6.677625457078353e-05
0.34999999999999876;-0.4;-0.4;9.545749100876136e-05
0.34999999999999876;-0.4;-0.4;-8.591141121616676e-05
0.34999999999999876;-0.8;0.8;0.14515718276470307
0.29999999999999893;-0.8;0.8;0.26963945135875456
0.3999999999999986;-0.7737;0.7737;0.43013604696113517
0.34999999999999876;-0.5329;0.5329;0.5268345080503278
0.34999999999999876;-0.3879;0.3879;0.6067974195844962
0.34999999999999876;-0.2679;0.2679;0.6620272798608214
0.3999999999999986;-0.1851;0.1851;0.7056188401462897
0.3999999999999986;-0.1197;0.1197;0.7338169639025923
0.45000000000000107;-0.0774;0.0774;0.7545218419814224
0.4000000000000057;-0.0463;0.0463;0.7654286486296021
0.30000000000000426;-0.03;0.03;0.7707316922752925
0.350000000000005;-0.022;0.022;0.7752557337637049
0.30000000000000426;-0.02;0.02;0.7788189198708975
0.30000000000000426;0.0;0.0;0.7788068694357363
0.30000000000000426;0.6;0.36;0.7575856513799141
0.30000000000000426;0.6;0.36;0.7363644517916905
0.4500000000000064;0.6;0.36;0.7046171392422398
0.350000000000005;0.6;0.36;0.6798591825579116
0.4000000000000057;0.6;0.36;0.6516024908265527
0.350000000000005;0.6;0.36;0.626865064524804
0.350000000000005;0.6;0.36;0.6020704247176977
0.350000000000005;0.6;0.36;0.5773362523221197
0.4000000000000057;0.6;0.36;0.5490529400821256
0.4000000000000057;0.6;0.36;0.5207629118988646
0.350000000000005;0.6;0.36;0.4960174887549719
0.350000000000005;0.6;0.36;0.4712678628505851
0.350000000000005;0.6;0.36;0.4465188019287392
0.30000000000000426;0.6;0.36;0.4253126066576826
0.350000000000005;0.6;0.36;0.4005636960312843
0.350000000000005;0.6;0.36;0.3757899221002068
0.4000000000000057;0.6;0.36;0.34744102600754845
0.30000000000000426;0.6;0.36;0.3262311937374188
0.30000000000000426;0.6;0.36;0.30502121023170414
0.30000000000000426;0.6;0.36;0.2838480361743114
0.30000000000000426;0.6;0.36;0.2626348786318273
0.30000000000000426;0.6;0.36;0.24143280399214123
0.30000000000000426;0.6;0.36;0.22023064889668148
0.30000000000000426;0.6;0.36;0.19901139552744873
0.4000000000000057;0.6;0.36;0.1707131668698654
0.30000000000000426;0.6;0.36;0.1495025229598138
0.25000000000000355;0.6;0.36;0.13181197312830661
0.350000000000005;0.6;0.36;0.10707820878232718
0.350000000000005;0.6;0.36;0.08231989626464517
0.350000000000005;0.6;0.36;0.057580382347868816
0.30000000000000426;0.6;0.36;0.03636485842440731
0.350000000000005;0.6;0.36;0.011626121422504743
0.30000000000000426;0.6;0.36;-0.009566462433594443
0.30000000000000426;0.6;0.36;-0.03078391667666276
0.30000000000000426;0.6;0.36;-0.051988941998689545
0.30000000000000426;0.6;0.36;-0.07322854848580487
0.30000000000000426;0.6;0.36;-0.09443691190971101
0.350000000000005;0.6;0.36;-0.11912564131687883
0.350000000000005;0.6;0.36;-0.14388673226291146
0.350000000000005;0.6;0.36;-0.16862480481702127
0.350000000000005;0.6;0.36;-0.19338181315292588
0.30000000000000426;0.6;0.36;-0.21460205729441
0.30000000000000426;0.6;0.36;-0.23580134557940235
0.350000000000005;0.6;0.36;-0.26053631876702876
0.350000000000005;0.6;0.36;-0.2852849365933591
0.30000000000000426;0.6;0.36;-0.30650553334416636
0.30000000000000426;0.6;0.36;-0.3277159109853741
0.4500000000000064;0.6;0.36;-0.35953667716209425
0.350000000000005;0.6;0.36;-0.38427930534653165
0.350000000000005;0.6;0.36;-0.40902889753398164
0.4000000000000057;0.6;0.36;-0.4373032099468992
0.4000000000000057;0.6;0.36;-0.46559534353490173
0.350000000000005;0.6;0.36;-0.4903401624038247
0.350000000000005;0.6;0.36;-0.5150973425622302
0.4000000000000057;0.6;0.36;-0.5433983763826099
0.350000000000005;0.6;0.36;-0.5681499759490743
0.30000000000000426;0.6;0.36;-0.5893957620182352
0.25000000000000355;0.6;0.36;-0.6070705538116219
0.30000000000000426;0.6;0.36;-0.6282252410999519
0.30000000000000426;0.6;0.36;-0.6494601717005163
0.350000000000005;0.6;0.36;-0.6742082066452395
0.5000000000000071;0.6;0.36;-0.7095376648015406
0.4000000000000057;0.6;0.36;-0.7378316722705053
0.350000000000005;0.6;0.36;-0.7625774475506794
0.40000000000000213;0.6;0.36;-0.7908494691974339
0.3499999999999801;0.0;0.0;-0.7908786495655923
0.39999999999997726;-0.8;0.8;-0.6249006460080009
0.39999999999997726;-0.8;0.8;-0.45894623895622666
0.4499999999999744;-0.8;0.8;-0.27223739724876983
0.39999999999997726;-0.5311;0.5311;-0.16207077687757362
0.29999999999998295;-0.3658;0.3658;-0.09741892023595117
0.3499999999999801;-0.2689;0.2689;-0.04198106867788561
0.3499999999999801;-0.1857;0.1857;-0.0037019536736693157
0.2499999999999858;-0.1283;0.1283;0.015192277310191578
0.3499999999999801;-0.0999;0.0999;0.033322295209903305
0.4999999999999716;-0.0727;0.0727;0.05218494249248455
0.3499999999999801;-0.0444;0.0444;0.06026278513374702
0.3499999999999801;-0.0323;0.0323;0.0661184725223246
0.29999999999998295;-0.0235;0.0235;0.0697979559415893
0.39999999999997726;-0.02;0.02;0.07396721156296238
0.29999999999998295;0.0;0.0;0.07396732376184896
0.3499999999999801;0.8;0.8;0.0739188030795895
0.3499999999999801;0.7999;0.8001;0.0739128109839145
0.39999999999997726;0.7999;0.8001;0.07379990301029536
0.29999999999998295;0.7997;0.8003;0.07386301937305172
0.29999999999998295;0.7998;0.8002;0.07390587156218335
0.29999999999998295;0.7999;0.8001;0.07382583354375993
0.3499999999999801;0.7998;0.8002;0.07384899357721651
0.29999999999998295;0.7998;0.8002;0.07390917368447122
0.3499999999999801;0.7999;0.8001;0.07390704798013095
0.5499999999999687;0.7999;0.8001;0.07431714942769861
0.3499999999999801;0.8005;0.7995;0.07428756218183798
0.3499999999999801;0.8005;0.7995;0.07437823537282949
0.3499999999999801;0.8006;0.7994;0.0742658535204966
0.29999999999998295;0.8004;0.7996;0.07424099573293484
0.3499999999999801;0.8004;0.7996;0.07415394958030874
0.3499999999999801;0.8003;0.7997;0.07408873997521835
0.39999999999997726;0.8002;0.7998;0.07407553935754714
0.3499999999999801;0.8002;0.7998;0.07410639704869952
0.29999999999998295;0.8002;0.7998;0.07411000112803873
0.29999999999998295;0.8002;0.7998;0.07411020382994368
0.39999999999997726;0.8002;0.7998;0.07410944135755125
0.3499999999999801;0.8002;0.7998;0.07409408879853288
0.3499999999999801;0.8002;0.7998;0.07405268511738936
0.29999999999998295;0.8001;0.7999;0.07404503296970746
0.4999999999999716;0.8001;0.7999;0.0740172277644725
0.3499999999999801;0.8001;0.7999;0.0740001737865534
0.3499999999999801;0.8;0.8;0.07401504445659586
0.29999999999998295;0.8001;0.7999;0.07401588513903795
0.3499999999999801;0.8001;0.7999;0.0740193547886417
0.3499999999999801;0.8001;0.7999;0.07401561153637788
0.3499999999999801;0.8001;0.7999;0.07401367385703447
0.4499999999999744;0.8001;0.7999;0.07402949823310817
0.39999999999997726;0.8001;0.7999;0.07405724942446765
0.3499999999999801;0.8001;0.7999;0.07396739484024782
0.3499999999999801;0.8;0.8;0.07394214491212892
0.29999999999998295;0.8;0.8;0.07397738413331675
0.29999999999998295;0.8;0.8;0.07405381875561595
0.29999999999998295;-0.4;-0.4;0.07405555404925447
0.3499999999999801;-0.4;-0.4;0.07407387332183331
0.39999999999997726;-0.4;-0.4;0.07408184992415644
0.4499999999999744;-0.4;-0.4;0.07408949272136177
0.3499999999999801;-0.4;-0.4;0.0740723696183343
0.29999999999998295;-0.4;-0.4;0.07407338312534094
0.3499999999999801;-0.4;-0.4;0.07408763929416154
0.3499999999999801;-0.4;-0.4;0.07410991519236863
0.39999999999997726;-0.4;-0.4;0.07414634051460678
0.3499999999999801;-0.4;-0.4;0.07416666934685162
0.4999999999999716;-0.4;-0.4;0.07414912765870474
0.3499999999999801;-0.4;-0.4;0.07412613588798357
0.3499999999999801;-0.4;-0.4;0.07409704125888093
0.3499999999999801;-0.4;-0.4;0.07410117979858581
0.3499999999999801;-0.4;-0.4;0.07411451598708135
0.29999999999998295;-0.4;-0.4;0.0741290866863565
0.29999999999998295;-0.4;-0.4;0.0741140184486
0.4499999999999744;-0.4;-0.4;0.07411928851066638
0.3499999999999801;-0.4;-0.4;0.07413408114332848
0.3499999999999801;-0.4;-0.4;0.07411526644838567
0.3499999999999801;-0.4;-0.4;0.07415148458223315
0.29999999999998295;-0.4;-0.4;0.07416694558759936
0.29999999999998295;-0.4;-0.4;0.07414928034689758
0.29999999999998295;0.8;-0.8;-0.050323379525084797
0.39999999999997726;0.8;-0.8;-0.21948456970255192
0.29999999999998295;0.8;-0.8;-0.3576035510402794
0.3499999999999801;0.8;-0.8;-0.5225898550728171
0.3499999999999801;0.8;-0.8;-0.670482601665356
0.3499999999999801;0.8;-0.8;-0.8156827722039982
0.3499999999999801;0.8;-0.8;-0.9609114794204388
0.3499999999999801;0.8;-0.8;-1.106148735600571
0.4499999999999744;0.8;-0.8;-1.2937965947341432
0.39999999999997726;0.8;-0.8;-1.4597794541162334
0.3499999999999801;0.8;-0.8;-1.6050002069248306
0.3499999999999801;0.8;-0.8;-1.7502159577907095
0.3499999999999801;0.8;-0.8;-1.8954317587960428
0.3499999999999872;0.8;-0.8;-2.04097389654182
0.3499999999999801;0.8;-0.8;-2.200937797225011
0.4999999999999716;0.8;-0.8;-2.4245068371312493
0.3499999999999801;0.8;-0.8;-2.569741858988569
0.3499999999999801;0.7468;-0.7468;-2.7052896362455647
0.39999999999997726;0.5435;-0.5435;-2.8186621043016697
0.3499999999999801;0.3734;-0.3734;-2.89567523643905
0.29999999999998295;0.2579;-0.2579;-2.941266235481186
0.3499999999999801;0.1895;-0.1895;-2.9803493068625255
0.4499999999999744;0.1309;-0.1309;-3.0141925468113318
0.29999999999998295;0.0801;-0.0801;-3.0283561363496405
0.3499999999999801;0.0589;-0.0589;-3.040506977460925
0.3499999999999801;0.0407;-0.0407;-3.048911667785982
0.29999999999998295;0.0281;-0.0281;-3.053868547066624
0.29999999999998295;0.0206;-0.0206;-3.0575250755068333
0.29999999999998295;0.02;-0.02;-3.0610555951371774
0.39999999999997726;0.0;0.0;-3.061075414221648
0.29999999999998295;0.8098;0.7902;-3.0625882097203587
0.3499999999999801;0.8075;0.7925;-3.06398408506903
0.39999999999997726;0.8054;0.7946;-3.065098319499474
0.39999999999997726;0.8038;0.7962;-3.0658860244458657
0.29999999999998295;0.8026;0.7974;-3.06639334734445
0.29999999999998295;0.8018;0.7982;-3.066674610293348
0.39999999999997726;0.8014;0.7986;-3.066913626876589
0.29999999999998295;0.8011;0.7989;-3.0670670416544157
0.29999999999998295;0.8008;0.7992;-3.067199419387538
0.29999999999998295;0.8006;0.7994;-3.0672490797876493
0.3499999999999801;0.8005;0.7995;-3.0671026901432206
0.29999999999998295;0.8008;0.7992;-3.067206506782111
0.29999999999998295;0.8006;0.7994;-3.067243841172566
0.4499999999999744;0.8006;0.7994;-3.067187611503222
0.29999999999998295;0.8006;0.7994;-3.0672530511094003
0.3499999999999801;0.8005;0.7995;-3.067316708433254
0.3499999999999801;0.8004;0.7996;-3.067289331234701
0.3499999999999801;0.8005;0.7995;-3.0673621676545926
0.39999999999997726;0.8004;0.7996;-3.067425182622134
0.3499999999999801;0.8003;0.7997;-3.06733806404616
0.39999999999997726;0.8004;0.7996;-3.0673907281814454
0.3499999999999801;0.8003;0.7997;-3.067433601928495
0.3499999999999801;0.8003;0.7997;-3.067449738379936
0.29999999999998295;0.8002;0.7998;-3.067447221750291
0.29999999999998295;0.8003;0.7997;-3.067490625086032
0.29999999999998295;0.8002;0.7998;-3.0674012049650217
0.29999999999998295;0.8003;0.7997;-3.067393196401549
0.5499999999999687;0.8003;0.7997;-3.0673518223908554
0.3499999999999801;0.8004;0.7996;-3.0673572953851256
0.39999999999997726;0.8004;0.7996;-3.0673603955047684
0.3499999999999801;0.8004;0.7996;-3.0673761264562693
0.39999999999997726;0.8004;0.7996;-3.06740620917944
0.3499999999999801;0.8003;0.7997;-3.0673673068943383
0.3499999999999801;0.8004;0.7996;-3.067419100081357
0.4499999999999744;0.8003;0.7997;-3.0674395845241924
0.3499999999999801;0.8003;0.7997;-3.067453255832491
0.3499999999999801;0.8002;0.7998;-3.0674331370980616
0.3499999999999801;0.8003;0.7997;-3.067477762113819
0.39999999999997726;0.8002;0.7998;-3.0675046721537336
0.3499999999999801;0.8002;0.7998;-3.067528971123749
0.3499999999999801;-0.4;-0.4;-3.067487628273088
0.4999999999999716;-0.4;-0.4;-3.06754997361244
0.3499999999999801;-0.4;-0.4;-3.0675095417107774
0.39999999999997726;-0.4;-0.4;-3.0678057116510873
0.3499999999999801;-0.4;-0.4;-3.0678214789189706
0.3499999999999801;-0.4;-0.4;-3.0679997793487876
0.29999999999998295;0.8;-0.8;-3.192479245980671
0.39999999999997726;0.8;-0.8;-3.3584705083794106
0.4499999999999744;0.7416;-0.7416;-3.548524848573838
0.3499999999999801;0.4566;-0.4566;-3.642651788452534
0.3499999999999801;0.3154;-0.3154;-3.7076928804302165
0.3499999999999801;0.2178;-0.2178;-3.752636618191603
0.3499999999999801;0.1504;-0.1504;-3.7836678014372787
0.3499999999999801;0.1039;-0.1039;-3.8050959309880046
0.3499999999999801;0.0717;-0.0717;-3.8199066790232203
0.39999999999997726;0.0495;-0.0495;-3.8313033982008418
0.3499999999999801;0.0324;-0.0324;-3.8380425620839964
0.3499999999999801;0.0223;-0.0223;-3.842623471422429
0.3499999999999801;0.02;-0.02;-3.846744890138427
0.3499999999999801;0.0;0.0;-3.846748707719036
0.3499999999999801;0.36;0.6;-3.8222767810125835
0.29999999999998295;0.36;0.6;-3.803607629797478
0.3499999999999801;0.36;0.6;-3.7815011010298805
0.39999999999997726;0.36;0.6;-3.75447337522043
0.29999999999998295;0.36;0.6;-3.733262641864718
0.29999999999998295;0.36;0.6;-3.712078113276583
0.29999999999998295;0.36;0.6;-3.690873942167618
0.3499999999999801;0.36;0.6;-3.6661144321821917
0.39999999999997726;0.36;0.6;-3.6378405496986104
0.3499999999999801;0.36;0.6;-3.6131093122503835
0.4499999999999744;0.36;0.6;-3.581318278943095
0.39999999999997726;0.36;0.6;-3.5530278496117003
0.3499999999999801;0.36;0.6;-3.528261784398718
0.3499999999999801;0.36;0.6;-3.503500906830739
0.29999999999998295;0.36;0.6;-3.4822857891549868
0.29999999999998295;0.36;0.6;-3.461077783019222
0.29999999999998295;0.36;0.6;-3.439871599569043
0.39999999999997726;0.36;0.6;-3.411641935220644
0.39999999999997726;0.36;0.6;-3.3833575314402826
0.39999999999997726;0.36;0.6;-3.3550897601152982
0.3499999999999801;0.36;0.6;-3.3303487057318617
0.3499999999999801;0.36;0.6;-3.3055935077284193
0.3499999999999801;0.36;0.6;-3.2808440718453977
0.3499999999999801;0.36;0.6;-3.2561142233615405
0.3499999999999801;0.36;0.6;-3.231391996851246
0.4999999999999716;0.36;0.6;-3.196023354359512
0.29999999999998295;0.36;0.6;-3.1761049224374736
0.29999999999998295;0.36;0.6;-3.156175109469434
0.3499999999999801;0.36;0.6;-3.132959019845396
0.3499999999999801;0.36;0.6;-3.109736037683939
0.3499999999999801;0.36;0.6;-3.086527194417806
0.39999999999997726;0.36;0.6;-3.060015858446473
0.3499999999999801;0.36;0.6;-3.0352896957944897
0.3499999999999801;0.36;0.6;-3.010543365205489
0.3499999999999801;0.36;0.6;-2.985796805573306
0.3499999999999801;0.36;0.6;-2.9610423036155726
0.29999999999998295;0.36;0.6;-2.939836908176166
0.3499999999999801;0.36;0.6;-2.915130110344237
0.3499999999999801;0.36;0.6;-2.890381583716065
0.29999999999998295;0.36;0.6;-2.8691681980173787
0.39999999999997726;0.36;0.6;-2.8408777902794142
0.3499999999999801;0.36;0.6;-2.8161442213149974
0.3499999999999801;0.36;0.6;-2.791410585279468
0.39999999999997726;0.36;0.6;-2.7631266941434602
0.3499999999999801;0.36;0.6;-2.7383654457328186
0.3499999999999801;0.36;0.6;-2.713618970031478
0.39999999999997726;0.36;0.6;-2.685344873665939
0.5499999999999687;0.36;0.6;-2.6464762031437723
0.3499999999999801;0.36;0.6;-2.621731589506017
0.29999999999998295;0.36;0.6;-2.6005362767671483
0.29999999999998295;0.36;0.6;-2.579323524245608
0.39999999999997726;0.36;0.6;-2.5510607254266446
0.3499999999999801;0.36;0.6;-2.5263263146136063
0.3499999999999801;0.36;0.6;-2.501584412370727
0.3499999999999801;0.36;0.6;-2.4768440128440243
0.4999999999999716;0.36;0.6;-2.441492770899341
0.29999999999998295;0.36;0.6;-2.4202866262107805
0.3499999999999801;0.36;0.6;-2.39554959867274
0.3499999999999801;0.36;0.6;-2.3708080264085862
0.29999999999998295;0.36;0.6;-2.3495876153163597
0.29999999999998295;0.36;0.6;-2.3283744988970496
0.3499999999999801;0.36;0.6;-2.303601494930954
0.4499999999999744;0.36;0.6;-2.271798336118438
0.3499999999999801;0.0;0.0;-2.271820103254984
0.39999999999997726;0.8;-0.8;-2.437830856617443
0.3499999999999801;0.8;-0.8;-2.5830666252300793
0.4499999999999744;0.8;-0.8;-2.7698034520615287
0.3499999999999801;0.562;-0.562;-2.8857048772923415
0.39999999999997726;0.3881;-0.3881;-2.9771678579135465
0.3499999999999801;0.2509;-0.2509;-3.028918003027995
0.3499999999999801;0.1733;-0.1733;-3.0646629565314165
0.3499999999999801;0.1197;-0.1197;-3.0893675726458008
0.29999999999998295;0.0826;-0.0826;-3.1040157383128535
0.39999999999997726;0.0607;-0.0607;-3.118335871386425
0.39999999999997726;0.0392;-0.0392;-3.12760564625486
0.39999999999997726;0.0253;-0.0253;-3.1338254589563017
0.3499999999999801;0.02;-0.02;-3.1379629347018603
0.4999999999999716;0.0;0.0;-3.1379860257350822
0.3499999999999801;0.8;0.8;-3.1379621601539642
0.29999999999998295;0.8;0.8;-3.137920193786281
0.3499999999999801;0.8001;0.7999;-3.1379191466823313
0.29999999999998295;0.8001;0.7999;-3.137925634766017
0.29999999999998295;0.8001;0.7999;-3.1379126912604707
0.3499999999999801;0.8001;0.7999;-3.137951758442344
0.39999999999997726;0.8;0.8;-3.1380030871736
0.39999999999997726;0.7999;0.8001;-3.138019739962355
0.29999999999998295;0.7999;0.8001;-3.1379940892080187
0.3499999999999801;0.8;0.8;-3.1380947542506386
0.3499999999999801;0.7998;0.8002;-3.138037134618272
0.3499999999999801;0.7999;0.8001;-3.1381270108088524
0.29999999999998295;0.7998;0.8002;-3.138242407815439
0.29999999999998295;0.7996;0.8004;-3.138201883662705
0.39999999999997726;0.7996;0.8004;-3.138142408117489
0.29999999999998295;0.7997;0.8003;-3.1382383392513287
0.29999999999998295;0.7997;0.8003;-3.138157233354221
0.3499999999999801;-0.4;-0.4;-3.1381792049082913
0.3499999999999801;-0.4;-0.4;-3.138151905098988
0.29999999999998295;-0.4;-0.4;-3.138139553471249
0.3499999999999801;-0.4;-0.4;-3.138019172415419
0.4999999999999716;-0.4;-0.4;-3.137821123805012
0.3499999999999801;-0.4;-0.4;-3.13778758692438
0.3499999999999801;-0.4;-0.4;-3.1377607877680043
0.29999999999998295;-0.4;-0.4;-3.137706279848911
0.3000000000000682;-0.4;-0.4;-3.1377078870899187
0.3000000000000682;-0.4;-0.4;-3.1376744892571584
0.3000000000000682;-0.4;-0.4;-3.1376609583443176
0.3000000000000682;-0.4;-0.4;-3.137644892662848
0.40000000000009095;-0.4;-0.4;-3.137632511848261
0.3000000000000682;-0.4;-0.4;-3.137575352951823
0.3000000000000682;-0.4;-0.4;-3.137596659117119
0.3000000000000682;-0.4;-0.4;-3.137559481060912
0.3500000000000796;-0.4;-0.4;-3.137541256617469
0.3500000000000796;-0.4;-0.4;-3.137510328246365
0.3500000000000796;-0.4;-0.4;-3.1374451130767596
0.40000000000009095;-0.4;-0.4;-3.137395157166376
0.3000000000000682;-0.4;-0.4;-3.1373574674098585
0.3000000000000682;-0.4;-0.4;-3.137313969488572
0.3000000000000682;-0.4;-0.4;-3.137291574990138
0.3000000000000682;-0.4;-0.4;-3.1372702180668672
0.3000000000000682;0.8;-0.2;-3.2256917443955544
0.3000000000000682;0.8;-0.2;-3.3140740892450657
0.40000000000009095;0.8;-0.2;-3.4318889099930785
0.4500000000001023;0.8;-0.2;-3.5644784934862206
0.3500000000000796;0.8;-0.2;-3.661237563322515
0.3500000000000796;0.8;-0.2;-3.764434637589869
0.3000000000000682;0.8;-0.2;-3.8528224641918487
0.3500000000000796;0.8;-0.2;-3.9558850997551613
0.3500000000000796;0.8;-0.2;-4.058997297475584
0.3000000000000682;0.8;-0.2;-4.147386002589954
0.4500000000001023;0.8;-0.2;-4.279948964722436
0.3500000000000796;0.8;-0.2;-4.383073619574439
0.3000000000000682;0.8;-0.2;-4.471451526962848
0.3000000000000682;0.8;-0.2;-4.5598191467834965
0.40000000000009095;0.8;-0.2;-4.673978646656166
0.40000000000009095;0.8;-0.2;-4.791808419374407
0.40000000000009095;0.8;-0.2;-4.909663482495604
0.3500000000000796;0.8;-0.2;-5.012776535624468
0.3000000000000682;0.8;-0.2;-5.1011698186606464
0.3500000000000796;0.8;-0.2;-5.204289926559049
0.25000000000005684;0.8;-0.2;-5.277945998956176
0.40000000000009095;0.8;-0.2;-5.395799721214845
0.3000000000000682;0.8;-0.2;-5.484189531225697
0.3000000000000682;0.8;-0.2;-5.572542772923228
0.4500000000001023;0.8;-0.2;-5.705106704040814
0.3500000000000796;0.8;-0.2;-5.808217151681856
0.3000000000000682;0.7074;-0.1769;-5.88636231896305
0.3000000000000682;0.5902;-0.1476;-5.951546825619252
0.3000000000000682;0.4924;-0.1231;-6.0059411835534595
0.3500000000000796;0.4108;-0.1027;-6.058883692955792
0.3500000000000796;0.3314;-0.0829;-6.101609840790614
0.4500000000001023;0.2673;-0.0668;-6.1460275030894485
0.3500000000000796;0.2007;-0.0502;-6.171897811542272
0.40000000000009095;0.1619;-0.0405;-6.195764704096909
0.3500000000000796;0.1261;-0.0315;-6.212015759706151
0.40000000000009095;0.1017;-0.0254;-6.226982170015533
0.3000000000000682;0.0793;-0.0198;-6.235740727723788
0.3000000000000682;0.0661;-0.0165;-6.242955306638553
0.3500000000000796;0.0553;-0.0138;-6.250353971569394
0.40000000000009095;0.0442;-0.0111;-6.256867897566428
0.3500000000000796;0.0344;-0.0086;-6.261292157567869
0.3500000000000796;0.0278;-0.007;-6.264856547529617
0.3000000000000682;0.0225;-0.0056;-6.267203943714732
0.3500000000000796;0.02;-0.005;-6.269584699717457
0.4500000000001023;0.02;-0.005;-6.272669699406659
0.3500000000000796;0.0;0.0;-6.27264836072844
0.4500000000001023;0.8108;0.7892;-6.27511122078359
0.40000000000009095;0.8071;0.7929;-6.276592506610643
0.3000000000000682;0.8049;0.7951;-6.277364576769055
0.3000000000000682;0.8037;0.7963;-6.277912636922004
0.3000000000000682;0.8029;0.7971;-6.278325934188688
0.3000000000000682;0.8023;0.7977;-6.278665671131241
0.4500000000001023;0.8017;0.7983;-6.279111340175783
0.3500000000000796;0.8011;0.7989;-6.279301524569258
0.3000000000000682;0.8008;0.7992;-6.279464029061767
0.3000000000000682;0.8006;0.7994;-6.279507409881553
0.3500000000000796;0.8005;0.7995;-6.279594321151393
0.40000000000009095;0.8004;0.7996;-6.279506531954067
0.3500000000000796;0.8005;0.7995;-6.279531155826838
0.4500000000001023;0.8004;0.7996;-6.279693299620835
0.3500000000000796;0.8002;0.7998;-6.279744490808282
0.25000000000005684;0.8001;0.7999;-6.279780825892811
0.3500000000000796;0.8001;0.7999;-6.279777898461423
0.3000000000000682;0.8001;0.7999;-6.279813496082085
0.3500000000000796;0.8;0.8;-6.279863915305074
0.3500000000000796;0.8;0.8;-6.279646460992297
0.5000000000001137;0.8003;0.7997;-6.279635670201436
0.3500000000000796;0.8003;0.7997;-6.279670960745626
0.3000000000000682;0.8002;0.7998;-6.27967545237746
0.3500000000000796;0.8002;0.7998;-6.27976612453645
0.3500000000000796;0.8001;0.7999;-6.27977408598939
0.3500000000000796;0.8001;0.7999;-6.279761942285063
0.40000000000009095;0.8001;0.7999;-6.279722085709028
0.5500000000001251;0.8002;0.7998;-6.279593093742442
0.3000000000000682;0.8004;0.7996;-6.279608646061372
0.3500000000000796;0.8003;0.7997;-6.279627869119376
0.3000000000000682;0.8003;0.7997;-6.2796430119646836
0.3500000000000796;0.8003;0.7997;-6.279636484389418
0.40000000000009095;0.8003;0.7997;-6.279635636574149
0.3500000000000796;0.8003;0.7997;-6.279641691821728
0.4500000000001023;0.8003;0.7997;-6.2796890108236
0.3000000000000682;0.8002;0.7998;-6.279718842840485
0.3500000000000796;0.8002;0.7998;-6.279713148793246
0.3000000000000682;0.8002;0.7998;-6.279733047971613
0.3000000000000682;0.8001;0.7999;-6.279732255273034
0.3500000000000796;0.8001;0.7999;-6.27972516605103
0.3500000000000796;0.8002;0.7998;-6.279739518847031
0.5000000000001137;0.8001;0.7999;-6.279667863976257
0.3000000000000682;0.8002;0.7998;-6.279709041201673
0.4500000000001023;0.8002;0.7998;-6.279688804948435
0.25000000000005684;0.8002;0.7998;-6.279667476208807
0.3500000000000796;0.8002;0.7998;-6.279704845402524
0.3000000000000682;0.8002;0.7998;-6.279586235018603
0.3000000000000682;0.8004;0.7996;-6.279593302144416
0.40000000000009095;0.8004;0.7996;-6.279634346522649
0.3500000000000796;0.8003;0.7997;-6.279628016430263
0.3000000000000682;0.8003;0.7997;-6.2795379756966225
0.3000000000000682;0.8004;0.7996;-6.279584204655362
0.3500000000000796;0.8004;0.7996;-6.279615572821846
0.3000000000000682;0.8003;0.7997;-6.27966837031565
0.3500000000000796;0.8002;0.7998;-6.2796281077750065
0.3500000000000796;0.8003;0.7997;-6.279635163572641
0.40000000000009095;0.8003;0.7997;-6.279662739562243
0.3000000000000682;0.8003;0.7997;-6.279717547561915
0.3000000000000682;0.8002;0.7998;-6.27972584931072
0.3500000000000796;0.8002;0.7998;-6.279739484025045
0.3500000000000796;0.8001;0.7999;-6.27977093797444
0.40000000000009095;0.8001;0.7999;-6.279759161426899
0.3500000000000796;0.8001;0.7999;-6.2797688748943745
0.4500000000001023;0.8001;0.7999;-6.279804915624688
0.3500000000000796;0.8;0.8;-6.279805676124807
0.3500000000000796;0.8;0.8;-6.279818670142227
0.3500000000000796;0.8;0.8;-6.279787673345782
0.40000000000009095;0.8001;0.7999;-6.2798228131166445
0.40000000000009095;0.8;0.8;-6.279847606387529
0.40000000000009095;0.8;0.8;-6.279936375076905
0.3500000000000796;0.7998;0.8002;-6.279910594462544
0.40000000000009095;0.7999;0.8001;-6.2798866286069694
0.40000000000009095;0.7999;0.8001;-6.279911477636692
0.3500000000000796;0.7999;0.8001;-6.279804033796579
0.3000000000000682;0.8;0.8;-6.279834030234249
0.3500000000000796;0.8;0.8;-6.279851236069072
0.3500000000000796;0.8;0.8;-6.27982251525034
0.3000000000000682;0.8;0.8;-6.279822416114226
0.4500000000001023;0.8;0.8;-6.279871748119151
0.3500000000000796;0.7999;0.8001;-6.279848845654166
0.3000000000000682;0.8;0.8;-6.2798199279901326
0.3000000000000682;0.8;0.8;-6.279850766318165
0.3500000000000796;0.8;0.8;-6.2798269868215115
0.3500000000000796;0.8;0.8;-6.2797094349693285
0.3500000000000796;0.8002;0.7998;-6.279732813630546
0.4500000000001023;0.8001;0.7999;-6.279764212739224
0.3000000000000682;0.8001;0.7999;-6.279823605571063
0.3000000000000682;0.8;0.8;-6.277876173766776
0.25000000000005684;0.8;0.8;-6.277869003183199
0.3000000000000682;-0.4;-0.4;-6.277871995301571
0.3000000000000682;-0.4;-0.4;-6.277866404275206
0.3000000000000682;-0.4;-0.4;-6.277890721697254
0.3000000000000682;-0.4;-0.4;-6.2778712847161415
0.40000000000009095;-0.4;-0.4;-6.277898279045284
0.3000000000000682;-0.4;-0.4;-6.277871262543343
0.3000000000000682;-0.4;-0.4;-6.277842467035867
0.3500000000000796;-0.4;-0.4;-6.277861795365823
0.40000000000009095;-0.4;-0.4;-6.277860174277764
0.3000000000000682;-0.4;-0.4;-6.277860673641517
0.3000000000000682;-0.4;-0.4;-6.2778634879028985
0.4500000000001023;-0.4;-0.4;-6.2778483466106225
0.3500000000000796;-0.4;-0.4;-6.277865168461136
0.3000000000000682;-0.4;-0.4;-6.277821796063856
0.3000000000000682;-0.4;-0.4;-6.277827599031538
0.3500000000000796;-0.4;-0.4;-6.2778437668010305
0.3500000000000796;-0.4;-0.4;-6.277852126984442
0.3500000000000796;-0.4;-0.4;-6.277918929129509
0.3500000000000796;-0.4;-0.4;-6.2779191602252045
0.40000000000009095;-0.4;-0.4;-6.277952340440683
0.3500000000000796;-0.4;-0.4;-6.277950565078752
0.3500000000000796;-0.4;-0.4;-6.277980037874034
0.3000000000000682;-0.4;-0.4;-6.277991581558542
0.3000000000000682;-0.4;-0.4;-6.278030989156815
0.3000000000000682;-0.2;0.8;-6.1896680506692805
0.3000000000000682;-0.2;0.8;-6.101283653578687
0.3500000000000796;-0.2;0.8;-5.998180567862774
0.40000000000009095;-0.2;0.8;-5.894712448601892
0.3000000000000682;-0.2;0.8;-5.816927838499043
0.3000000000000682;-0.2;0.8;-5.739148318096317
0.3500000000000796;-0.2;0.8;-5.64838775261278
0.3000000000000682;-0.2;0.8;-5.570695357955253
0.3000000000000682;-0.2;0.8;-5.492874565685581
0.3000000000000682;-0.2;0.8;-5.404536394618814
0.40000000000009095;-0.2;0.8;-5.2866957318029355
0.3000000000000682;-0.2;0.8;-5.198329259887845
0.3000000000000682;-0.2;0.8;-5.1099455746924765
0.3500000000000796;-0.2;0.8;-5.006860281696763
0.3500000000000796;-0.2;0.8;-4.916148349473815
0.3500000000000796;-0.2;0.8;-4.825397609171114
0.3500000000000796;-0.2;0.8;-4.734630095871046
0.40000000000009095;-0.2;0.8;-4.630911955411716
0.3000000000000682;-0.2;0.8;-4.553123536549496
0.3500000000000796;-0.2;0.8;-4.462361722418051
0.3000000000000682;-0.2;0.8;-4.384544624482388
0.3000000000000682;-0.2;0.8;-4.306784604279236
0.3000000000000682;-0.2;0.8;-4.229023014791931
0.3000000000000682;-0.2;0.8;-4.151232061886209
0.3500000000000796;-0.2;0.8;-4.060478985469972
0.3500000000000796;-0.2;0.8;-3.9697145015938915
0.3000000000000682;-0.2;0.8;-3.8919180086637817
0.3500000000000796;-0.2;0.8;-3.8011585451944008
0.3500000000000796;-0.2;0.8;-3.7072345662046584
0.3500000000000796;-0.2;0.8;-3.6164710377421496
0.3000000000000682;-0.1801;0.7203;-3.546421095397839
0.3500000000000796;-0.1538;0.6152;-3.467147418141726
0.3500000000000796;-0.1241;0.4963;-3.4031847124691277
0.3000000000000682;-0.1001;0.4004;-3.358962075246679
0.3000000000000682;-0.0835;0.334;-3.3220714865292074
0.3000000000000682;-0.0697;0.2787;-3.2912977611968124
0.3500000000000796;-0.0581;0.2325;-3.2613244132687713
0.3000000000000682;-0.0469;0.1876;-3.2405957950004747
0.3000000000000682;-0.0391;0.1565;-3.2253640569047826
0.40000000000009095;-0.0334;0.1336;-3.208021461707662
0.3500000000000796;-0.0269;0.1076;-3.1958217647989255
0.3500000000000796;-0.0223;0.0893;-3.185737495111806
0.40000000000009095;-0.0185;0.0742;-3.17614284052753
0.3000000000000682;-0.0149;0.0598;-3.170394225626741
0.3500000000000796;-0.0128;0.0512;-3.164620410713133
0.3500000000000796;-0.0106;0.0425;-3.1598218881095925
0.40000000000009095;-0.0088;0.0353;-3.1552595248986237
0.3500000000000796;-0.0071;0.0285;-3.1520784717197214
0.3000000000000682;-0.0059;0.0237;-3.1498004900619736
0.3000000000000682;-0.0051;0.0203;-3.1478867454584902
0.3500000000000796;-0.005;0.02;-3.1456157486554126
0.3000000000000682;0.0;0.0;-3.145667497040469
0.3000000000000682;0.7859;0.8141;-3.143238181830006
0.3500000000000796;0.7896;0.8104;-3.1410770947852282
0.3500000000000796;0.7928;0.8072;-3.1397922231979787
0.4500000000001023;0.7947;0.8053;-3.138582718426005
0.3000000000000682;0.7966;0.8034;-3.1380592819220365
0.3500000000000796;0.7973;0.8027;-3.1376301501301986
0.3500000000000796;0.798;0.802;-3.1371912313772876
0.3500000000000796;0.7986;0.8014;-3.1369504135461312
0.3500000000000796;0.799;0.801;-3.136728296804114
0.3500000000000796;0.7993;0.8007;-3.1366008396072247
0.4500000000001023;0.7995;0.8005;-3.1362194859039705
0.3500000000000796;0.8001;0.7999;-3.136220078376415
0.3500000000000796;0.8001;0.7999;-3.1362015118140256
0.3500000000000796;0.8001;0.7999;-3.136110047761678
0.3500000000000796;0.8003;0.7997;-3.1360548194517306
0.3500000000000796;0.8003;0.7997;-3.1360947513737023
0.3500000000000796;0.8003;0.7997;-3.1361231133236376
0.40000000000009095;0.8002;0.7998;-3.136147650683203
0.4500000000001023;0.8002;0.7998;-3.1361660774642344
0.3000000000000682;0.8002;0.7998;-3.136195956153144
0.3000000000000682;0.8001;0.7999;-3.136190538693804
0.3000000000000682;0.8001;0.7999;-3.1362093757349077
0.40000000000009095;0.8001;0.7999;-3.1362322795570754
0.3500000000000796;0.8001;0.7999;-3.136229706558853
0.3000000000000682;0.8001;0.7999;-3.1362261086290735
0.5000000000001137;0.8001;0.7999;-3.1362861028872593
0.3500000000000796;0.8;0.8;-3.136252824430157
0.3500000000000796;0.8;0.8;-3.1362328086419637
0.40000000000009095;0.8001;0.7999;-3.136249860607329
0.3500000000000796;0.8001;0.7999;-3.1362697597683074
0.3500000000000796;0.8;0.8;-3.1362864980447616
0.3000000000000682;0.8;0.8;-3.136255245927192
0.3500000000000796;0.8;0.8;-3.136266349442394
0.3500000000000796;0.8;0.8;-3.1362613349297344
0.3000000000000682;0.8;0.8;-3.136308307675932
0.3000000000000682;0.8;0.8;-3.1362176563661452
0.3000000000000682;0.8001;0.7999;-3.1362013974936906
0.25000000000005684;0.8001;0.7999;-3.1363829024721186
0.3500000000000796;0.7999;0.8001;-3.1363192887853897
0.3500000000000796;0.7999;0.8001;-3.1362024833620414
0.4500000000001023;0.8001;0.7999;-3.136215326777858
0.3000000000000682;0.8001;0.7999;-3.1363440144332513
0.3000000000000682;0.7999;0.8001;-3.136447637111276
0.3500000000000796;0.7998;0.8002;-3.1363983370859208
0.3000000000000682;0.7998;0.8002;-3.1363826279219107
0.3000000000000682;0.7999;0.8001;-3.1363605091007773
0.3000000000000682;0.7999;0.8001;-3.136338080701439
0.3500000000000796;0.7999;0.8001;-3.1363647113157365
0.40000000000009095;0.7999;0.8001;-3.136516926406147
0.3500000000000796;0.7996;0.8004;-3.136452957024638
0.3000000000000682;0.7997;0.8003;-3.1364669901129996
0.3000000000000682;0.7997;0.8003;-3.136549655874162
0.3000000000000682;0.7996;0.8004;-3.136621154516146
0.3500000000000796;0.7995;0.8005;-3.1365515915263575
0.40000000000009095;0.7996;0.8004;-3.136507566072849
0.40000000000009095;0.7997;0.8003;-3.1364702248131326
0.40000000000009095;0.7997;0.8003;-3.13658691663181
0.3500000000000796;0.7995;0.8005;-3.136527058541553
0.3500000000000796;0.7996;0.8004;-3.136491177629194
0.3000000000000682;0.7997;0.8003;-3.136465489916103
0.3500000000000796;0.7997;0.8003;-3.1364495707997277
0.4500000000001023;0.7998;0.8002;-3.1364569177366746
0.3000000000000682;0.7997;0.8003;-3.1364052705932317
0.3500000000000796;0.7998;0.8002;-3.1364063315727693
0.40000000000009095;0.7998;0.8002;-3.1364968382201788
0.40000000000009095;0.7997;0.8003;-3.136464662676083
0.3500000000000796;0.7997;0.8003;-3.13642603250158
0.40000000000009095;0.7998;0.8002;-3.1364363139137157
0.5000000000001137;0.7998;0.8002;-3.1363854644190337
0.40000000000009095;0.7998;0.8002;-3.136394676730881
0.3500000000000796;0.7998;0.8002;-3.1363976998884295
0.40000000000009095;0.7998;0.8002;-3.136407536906463
0.3000000000000682;0.7998;0.8002;-3.136408652328369
0.3000000000000682;0.7998;0.8002;-3.1364213455959504
0.3500000000000796;0.7998;0.8002;-3.1364229208190983
0.5000000000001137;0.7998;0.8002;-3.136461775733558
0.3500000000000796;0.7997;0.8003;-3.1364347580038596
0.3500000000000796;0.7998;0.8002;-3.1364223651771796
0.3500000000000796;0.7998;0.8002;-3.1364208244920513
0.3000000000000682;0.7998;0.8002;-3.1364506357607076
0.40000000000009095;0.7997;0.8003;-3.136623990487437
0.5000000000001137;0.7995;0.8005;-3.1365732044215897
0.3500000000000796;0.7996;0.8004;-3.136664015320187
0.3000000000000682;0.7994;0.8006;-3.1366199697139354
0.3500000000000796;0.7995;0.8005;-3.1365569862573977
0.3500000000000796;0.7996;0.8004;-3.1364874455818685
0.40000000000009095;0.7997;0.8003;-3.1364758633101135
0.3000000000000682;0.7997;0.8003;-3.13632619295878
0.4500000000001023;-0.4;-0.4;-3.1363375152219746
0.40000000000009095;-0.4;-0.4;-3.1363369915310253
0.40000000000009095;-0.4;-0.4;-3.1363492114031977
0.40000000000009095;-0.4;-0.4;-3.136363641885813
0.40000000000009095;-0.4;-0.4;-3.136393309935282
0.3000000000000682;-0.4;-0.4;-3.136402624903323
0.3000000000000682;-0.4;-0.4;-3.1363946373421543
0.4500000000001023;-0.4;-0.4;-3.1363973447164564
0.3500000000000796;-0.4;-0.4;-3.136404458389838
0.3500000000000796;-0.4;-0.4;-3.1364071187985956
0.3500000000000796;-0.4;-0.4;-3.136417214682939
0.3500000000000796;-0.4;-0.4;-3.1364209135607237
0.3500000000000796;-0.4;-0.4;-3.1364575990661616
0.40000000000009095;-0.4;-0.4;-3.136531903416213
0.3000000000000682;-0.4;-0.4;-3.136569117982475
0.4500000000001023;-0.4;-0.4;-3.136590504393463
0.40000000000009095;-0.4;-0.4;-3.1366640492240125
0.3500000000000796;-0.4;-0.4;-3.136748197524754
0.40000000000009095;-0.4;-0.4;-3.136734813106738
0.3500000000000796;-0.4;-0.4;-3.1367120917583486
0.3000000000000682;-0.4;-0.4;-3.136704064167097
0.40000000000009095;-0.4;-0.4;-3.1366949740197185
0.4500000000001023;0.8;-0.2;-3.2690680819332245
0.25000000000005684;0.8;-0.2;-3.3427305588255383
0.3500000000000796;0.8;-0.2;-3.445827307478002
0.3500000000000796;0.8;-0.2;-3.5489515440497468
0.40000000000009095;0.8;-0.2;-3.660585873830314
0.40000000000009095;0.8;-0.2;-3.778427236737385
0.40000000000009095;0.8;-0.2;-3.8962686407386737
0.4500000000001023;0.8;-0.2;-4.02882782878097
0.3500000000000796;0.8;-0.2;-4.131938702286767
0.3500000000000796;0.8;-0.2;-4.235088249638882
0.3500000000000796;0.8;-0.2;-4.338173703994119
0.3500000000000796;0.8;-0.2;-4.441393331217182
0.3000000000000682;0.8;-0.2;-4.529734882562818
0.3500000000000796;0.8;-0.2;-4.632827274426301
0.40000000000009095;0.8;-0.2;-4.750810727556449
0.3500000000000796;0.8;-0.2;-4.853885497420377
0.3500000000000796;0.8;-0.2;-4.956991941295186
0.3500000000000796;0.8;-0.2;-5.060098539096336
0.3500000000000796;0.8;-0.2;-5.163216309962836
0.3500000000000796;0.8;-0.2;-5.266338685201486
0.3000000000000682;0.8;-0.2;-5.354728420327388
0.4500000000001023;0.8;-0.2;-5.487291373830497
0.40000000000009095;0.8;-0.2;-5.605149806993504
0.3000000000000682;0.8;-0.2;-5.693539235669966
0.3000000000000682;0.8;-0.2;-5.781924318510025
0.3500000000000796;0.7442;-0.1861;-5.877844314160134
0.3500000000000796;0.6003;-0.1501;-5.955197845298442
0.3500000000000796;0.4843;-0.1211;-6.017611394929793
0.3000000000000682;0.3907;-0.0977;-6.060748263875178
0.4500000000000739;0.326;-0.0815;-6.114782611402235
0.3500000000000796;0.2449;-0.0612;-6.146342677265962
0.3500000000000796;0.1976;-0.0494;-6.171827301710013
0.3000000000000682;0.1594;-0.0398;-6.189442746377974
0.3000000000000682;0.1329;-0.0332;-6.204186312361337
0.3500000000000796;0.1108;-0.0277;-6.218026781263582
0.3000000000000682;0.0901;-0.0225;-6.227985601951208
0.3500000000000796;0.0751;-0.0188;-6.237676430204104
0.40000000000009095;0.0606;-0.0151;-6.246566880058205
0.3500000000000796;0.0473;-0.0118;-6.2526721176533435
0.3000000000000682;0.0381;-0.0095;-6.256761600065693
0.40000000000009095;0.032;-0.008;-6.261353050127034
0.3500000000000796;0.0251;-0.0063;-6.264616943061972
0.3500000000000796;0.0202;-0.005;-6.267209941747319
0.3500000000000796;0.02;-0.005;-6.26979477123214
0.5500000000001251;0.0;0.0;-6.269742274084093
0.3000000000000682;0.8125;0.7875;-6.271909321980322
0.3000000000000682;0.8092;0.7908;-6.273534113009089
0.3000000000000682;0.8068;0.7932;-6.274706239482008
0.3500000000000796;0.805;0.795;-6.275578883258128
0.3500000000000796;0.8037;0.7963;-6.276190774297412
0.3500000000000796;0.8028;0.7972;-6.276667181910596
0.3500000000000796;0.8021;0.7979;-6.277018388650378
0.4500000000001023;0.8016;0.7984;-6.277229452807808
0.3500000000000796;0.8013;0.7987;-6.277422446629088
0.3500000000000796;0.801;0.799;-6.277502786617204
0.3000000000000682;0.8008;0.7992;-6.277609771976046
0.3500000000000796;0.8007;0.7993;-6.277699265887448
0.3000000000000682;0.8006;0.7994;-6.277764188543376
0.3000000000000682;0.8005;0.7995;-6.277787244081458
0.40000000000009095;0.8004;0.7996;-6.277850441207921
0.3000000000000682;0.8003;0.7997;-6.277885645535955
0.3500000000000796;0.8003;0.7997;-6.27789189887546
0.40000000000009095;0.8003;0.7997;-6.277875598047772
0.3000000000000682;0.8003;0.7997;-6.277900877531302
0.40000000000009095;0.8003;0.7997;-6.277940668547171
0.3500000000000796;0.8002;0.7998;-6.277950770077516
0.3000000000000682;0.8002;0.7998;-6.277896127395423
0.4500000000001023;0.8003;0.7997;-6.277989184002487
0.3500000000000796;0.8001;0.7999;-6.2781085096524585
0.3500000000000796;0.7999;0.8001;-6.278094144488826
0.3500000000000796;0.8;0.8;-6.278198766596678
0.3500000000000796;0.7998;0.8002;-6.278272353740482
0.3500000000000796;0.7997;0.8003;-6.278226600109069
0.3500000000000796;0.7998;0.8002;-6.278170917165315
0.3500000000000796;0.7998;0.8002;-6.278523909344683
0.4500000000001023;0.7993;0.8007;-6.2784165678112736
0.3500000000000796;0.7995;0.8005;-6.278462941864186
0.3000000000000682;0.7994;0.8006;-6.278444672935696
0.40000000000009095;0.7994;0.8006;-6.278267103802766
0.3500000000000796;0.7997;0.8003;-6.2782273371705015
0.3500000000000796;0.7998;0.8002;-6.278193069320485
0.3500000000000796;0.7998;0.8002;-6.2782109700116955
0.5000000000001137;0.7998;0.8002;-6.2781613581584494
0.3500000000000796;0.7999;0.8001;-6.278267340804778
0.40000000000009095;0.7997;0.8003;-6.278329137805239
0.3500000000000796;0.7996;0.8004;-6.27826616856008
0.3500000000000796;0.7997;0.8003;-6.278173653065557
0.3000000000000682;0.7998;0.8002;-6.27824003149859
0.3000000000000682;0.7997;0.8003;-6.278200592438909
0.3500000000000796;0.7998;0.8002;-6.278210366494258
0.3500000000000796;0.7998;0.8002;-6.278224310879776
0.3000000000000682;0.7998;0.8002;-6.278324643944072
0.3500000000000796;0.7996;0.8004;-6.27828460469558
0.3000000000000682;0.7997;0.8003;-6.27820149533975
0.3500000000000796;0.7998;0.8002;-6.278221963778344
0.3000000000000682;0.7998;0.8002;-6.278212420218601
0.3500000000000796;0.7998;0.8002;-6.278213960809692
0.4500000000001023;0.7998;0.8002;-6.27848624035996
0.3500000000000796;0.7994;0.8006;-6.278376458629623
0.3000000000000682;0.7995;0.8005;-6.2783172742588995
0.3000000000000682;0.7996;0.8004;-6.278417898314628
0.3000000000000682;0.7995;0.8005;-6.278353514343159
0.3000000000000682;0.7996;0.8004;-6.278338322488401
0.3000000000000682;0.7996;0.8004;-6.278303328290885
0.40000000000009095;0.7996;0.8004;-6.278258957613921
0.40000000000009095;0.7997;0.8003;-6.2782475012696155
0.40000000000009095;0.7997;0.8003;-6.278251392407873
0.40000000000009095;0.7997;0.8003;-6.278260477878055
0.3500000000000796;0.7997;0.8003;-6.278211282982323
0.3000000000000682;0.7998;0.8002;-6.278208712884937
0.40000000000009095;0.7998;0.8002;-6.278184769011713
0.5000000000001137;0.7998;0.8002;-6.278172884007294
0.3500000000000796;0.7998;0.8002;-6.278165173498761
0.3500000000000796;0.7999;0.8001;-6.2781575059083465
0.3500000000000796;0.7999;0.8001;-6.278139136009355
0.3500000000000796;0.7999;0.8001;-6.278139899123954
0.40000000000009095;0.7999;0.8001;-6.278177262548629
0.3500000000000796;0.7998;0.8002;-6.278171184661229
0.40000000000009095;0.7998;0.8002;-6.278188689293039
0.3500000000000796;0.7998;0.8002;-6.278316447221121
0.40000000000009095;0.7996;0.8004;-6.278332828730371
0.3500000000000796;0.7996;0.8004;-6.2782957752050494
0.40000000000009095;0.7997;0.8003;-6.278379436128908
0.3500000000000796;0.7995;0.8005;-6.2783376562583255
0.3500000000000796;0.7996;0.8004;-6.278311033083062
0.4500000000001023;0.7996;0.8004;-6.2782568862246135
0.40000000000009095;0.7997;0.8003;-6.278252487543106
0.3500000000000796;0.7997;0.8003;-6.278261658093988
0.40000000000009095;0.7997;0.8003;-6.278246459246769
0.3000000000000682;0.7997;0.8003;-6.278248989489883
0.3000000000000682;0.7997;0.8003;-6.278210044761532
0.3000000000000682;0.7998;0.8002;-6.278082355842689
0.3500000000000796;0.7998;0.8002;-6.278040669184787
0.40000000000009095;-0.4;-0.4;-6.278044848893928
0.3500000000000796;-0.4;-0.4;-6.278032915740491
0.3500000000000796;-0.4;-0.4;-6.278029287859664
0.3000000000000682;-0.4;-0.4;-6.278068987114995
0.40000000000009095;-0.4;-0.4;-6.278077389207215
0.3500000000000796;-0.4;-0.4;-6.277978436280353
0.4500000000001023;-0.4;-0.4;-6.277993994855889
0.3500000000000796;-0.4;-0.4;-6.278034777911223
0.3500000000000796;-0.4;-0.4;-6.278043289655254
0.3500000000000796;-0.4;-0.4;-6.277872305231613
0.3500000000000796;-0.4;-0.4;-6.27785964047985
0.3500000000000796;-0.4;-0.4;-6.277854272498743
0.3500000000000796;-0.4;-0.4;-6.277844709942398
0.40000000000009095;-0.4;-0.4;-6.2778029727976845
0.3500000000000796;-0.4;-0.4;-6.277806145637875
0.40000000000009095;-0.4;-0.4;-6.277740565841507
0.3500000000000796;-0.4;-0.4;-6.277702263181674
0.3500000000000796;-0.4;-0.4;-6.277705741145663
0.3500000000000796;-0.4;-0.4;-6.277734524527178
0.3500000000000796;-0.4;-0.4;-6.277748521930624
0.40000000000009095;-0.4;-0.4;-6.2777050762175035
0.3000000000000682;-0.4;-0.4;-6.277711208985826
0.3000000000000682;-0.4;-0.4;-6.277703275751923
0.3000000000000682;-0.2;0.8;-6.1998402727924455
0.3000000000000682;-0.2;0.8;-6.122021680835618
0.3000000000000682;-0.2;0.8;-6.044227939504106
0.3000000000000682;-0.2;0.8;-5.96642804412406
0.40000000000009095;-0.2;0.8;-5.862684901887467
0.3500000000000796;-0.2;0.8;-5.771926368996065
0.3500000000000796;-0.2;0.8;-5.681141152258767
0.3500000000000796;-0.2;0.8;-5.590380467197057
0.3500000000000796;-0.2;0.8;-5.499496960417195
0.3000000000000682;-0.2;0.8;-5.421695100205007
0.3000000000000682;-0.2;0.8;-5.341029045423205
0.40000000000009095;-0.2;0.8;-5.223193546887525
0.3500000000000796;-0.2;0.8;-5.120096181058695
0.3000000000000682;-0.2;0.8;-5.042319161363728
0.3000000000000682;-0.2;0.8;-4.964530827322286
0.3000000000000682;-0.2;0.8;-4.886713367590425
0.3500000000000796;-0.2;0.8;-4.795945345109369
0.3500000000000796;-0.2;0.8;-4.705178606250331
0.40000000000009095;-0.2;0.8;-4.587356728391203
0.3500000000000796;-0.2;0.8;-4.484262087505581
0.3000000000000682;-0.2;0.8;-4.402000771457966
0.3000000000000682;-0.2;0.8;-4.324194130551239
0.3500000000000796;-0.2;0.8;-4.233418100585997
0.3000000000000682;-0.2;0.8;-4.15462778294125
0.3500000000000796;-0.2;0.8;-4.063876650780359
0.3000000000000682;-0.2;0.8;-3.9860902435621117
0.40000000000009095;-0.2;0.8;-3.882358858602426
0.3000000000000682;-0.2;0.8;-3.8045434200253903
0.3000000000000682;-0.2;0.8;-3.725408115983961
0.3000000000000682;-0.2;0.8;-3.64760838983787
0.3000000000000682;-0.1917;0.7667;-3.573067342497245
0.3000000000000682;-0.1637;0.6549;-3.5093802454746874
0.3000000000000682;-0.1398;0.5593;-3.4475941314555163
0.3000000000000682;-0.1167;0.4667;-3.3960420368200146
0.40000000000009095;-0.0973;0.3893;-3.3386941577490785
0.3500000000000796;-0.0758;0.3033;-3.2995817465421577
0.3000000000000682;-0.0612;0.2446;-3.2725521310325325
0.40000000000009095;-0.051;0.2041;-3.2424925920116694
0.3500000000000796;-0.0398;0.159;-3.222405584260806
0.3500000000000796;-0.0322;0.1289;-3.2077929251026944
0.3000000000000682;-0.0267;0.107;-3.197378262968037
0.40000000000009095;-0.0228;0.0913;-3.1853817491850056
0.3000000000000682;-0.0183;0.0733;-3.1782095652850755
0.3000000000000682;-0.0156;0.0626;-3.1721490681420903
0.3000000000000682;-0.0134;0.0535;-3.166944649011379
0.3000000000000682;-0.0114;0.0457;-3.1625231535888707
0.3000000000000682;-0.0098;0.0391;-3.15872676761901
0.3000000000000682;-0.0083;0.0334;-3.155492630820914
0.40000000000009095;-0.0071;0.0285;-3.151854904530621
0.3500000000000796;-0.0058;0.023;-3.149338918524213
0.3500000000000796;-0.005;0.02;-3.1471067902767946
0.3500000000000796;-0.005;0.02;-3.14487520038724
0.3000000000000682;0.0;0.0;-3.1449115414713247
0.3000000000000682;0.7874;0.8126;-3.1429704839963786
0.3000000000000682;0.7903;0.8097;-3.141436512747631
0.3000000000000682;0.7926;0.8074;-3.140250237793633
0.40000000000009095;0.7944;0.8056;-3.1390638666904587
0.3000000000000682;0.7961;0.8039;-3.138425479390414
0.3500000000000796;0.7971;0.8029;-3.1378962246737188
0.3000000000000682;0.7979;0.8021;-3.1375928731517995
0.3000000000000682;0.7983;0.8017;-3.1373398610006484
0.3500000000000796;0.7987;0.8013;-3.1371171831688773
0.3500000000000796;0.7991;0.8009;-3.1370036747987293
0.40000000000009095;0.7992;0.8008;-3.1369502638249576
0.40000000000009095;0.7993;0.8007;-3.1368359514216353
0.3000000000000682;0.7995;0.8005;-3.1368168449763916
0.3000000000000682;0.7995;0.8005;-3.1366937334160423
0.3500000000000796;0.7997;0.8003;-3.13662730785965
0.25000000000005684;0.7998;0.8002;-3.1366282392624956
0.3500000000000796;0.7998;0.8002;-3.1366016971694584
0.25000000000005684;0.7998;0.8002;-3.1365732360325147
0.3500000000000796;0.7999;0.8001;-3.1366010866932483
0.3500000000000796;0.7998;0.8002;-3.136687313263524
0.3500000000000796;0.7997;0.8003;-3.136721290919284
0.3000000000000682;0.7997;0.8003;-3.136691254664455
0.3500000000000796;0.7997;0.8003;-3.1366528721344893
0.3500000000000796;0.7998;0.8002;-3.1366630348101316
0.3000000000000682;0.7997;0.8003;-3.136642422795956
0.3000000000000682;0.7998;0.8002;-3.136668657807253
0.4500000000001023;0.7997;0.8003;-3.1366576721133987
0.3500000000000796;0.7997;0.8003;-3.1366237651317457
0.3000000000000682;0.7998;0.8002;-3.1366259568458608
0.3000000000000682;0.7998;0.8002;-3.136641868493802
0.3000000000000682;0.7998;0.8002;-3.1367221522078963
0.3000000000000682;0.7997;0.8003;-3.136692382638912
0.40000000000009095;0.7997;0.8003;-3.136676706656114
0.3500000000000796;0.7997;0.8003;-3.136684631736662
0.5000000000001137;0.7997;0.8003;-3.1367041603833594
0.3500000000000796;0.7997;0.8003;-3.1367885540647724
0.3500000000000796;0.7996;0.8004;-3.1367578643750975
0.3000000000000682;0.7996;0.8004;-3.136704212815185
0.40000000000009095;0.7997;0.8003;-3.1366733626244545
0.3000000000000682;0.7997;0.8003;-3.136677867687659
0.3000000000000682;0.7997;0.8003;-3.1366588892987344
0.4500000000001023;0.7997;0.8003;-3.136630365524987
0.3500000000000796;0.7998;0.8002;-3.136636150305641
0.3500000000000796;0.7998;0.8002;-3.136630833798773
0.3000000000000682;0.7998;0.8002;-3.1366214331522797
0.3000000000000682;0.7998;0.8002;-3.136589991846379
0.3500000000000796;0.7998;0.8002;-3.1365691082423193
0.3500000000000796;0.7999;0.8001;-3.136577091626654
0.3000000000000682;0.7999;0.8001;-3.1365314483121165
0.40000000000009095;0.7999;0.8001;-3.136509595944482
0.3000000000000682;0.8;0.8;-3.136506001279613
0.3500000000000796;0.8;0.8;-3.136504743798699
0.3500000000000796;0.8;0.8;-3.136488441351864
0.3500000000000796;0.8;0.8;-3.13644941904731
0.3500000000000796;0.8001;0.7999;-3.1364808634990133
0.3000000000000682;0.8;0.8;-3.1365127308267136
0.3000000000000682;0.8;0.8;-3.136492736600928
0.3500000000000796;0.8;0.8;-3.1364889539105145
0.3000000000000682;0.8;0.8;-3.1364855880123486
0.3000000000000682;0.8;0.8;-3.13649390657519
0.3500000000000796;0.8;0.8;-3.1364677810264534
0.3500000000000796;0.8;0.8;-3.1364490953055717
0.3500000000000796;0.8001;0.7999;-3.1363530224071434
0.3000000000000682;0.8002;0.7998;-3.136386959056069
0.3000000000000682;0.8002;0.7998;-3.1364028352326945
0.4500000000001023;0.8001;0.7999;-3.1363877861881666
0.3000000000000682;0.8002;0.7998;-3.136395197548754
0.3000000000000682;0.8001;0.7999;-3.1362704521742963
0.3000000000000682;0.8003;0.7997;-3.136315912615764
0.3000000000000682;0.8003;0.7997;-3.1363214473801095
0.3500000000000796;0.8003;0.7997;-3.1364017857607958
0.3000000000000682;0.8001;0.7999;-3.136421921089871
0.4500000000001023;0.8001;0.7999;-3.1364497763562458
0.3000000000000682;0.8001;0.7999;-3.136480514630086
0.3000000000000682;0.8;0.8;-3.136501689069427
0.3000000000000682;0.8;0.8;-3.1365473112586915
0.3000000000000682;0.7999;0.8001;-3.13655205437482
0.3500000000000796;0.7999;0.8001;-3.1365150162542332
0.3000000000000682;0.8;0.8;-3.1364885967440936
0.3500000000000796;0.8;0.8;-3.136363178731232
0.3500000000000796;0.8002;0.7998;-3.1363701264936603
0.3000000000000682;0.8002;0.7998;-3.1363802185248812
0.3500000000000796;0.8002;0.7998;-3.13624818854823
0.3500000000000796;0.8004;0.7996;-3.136281235135275
0.3500000000000796;0.8003;0.7997;-3.1363301367075835
0.3500000000000796;0.8002;0.7998;-3.136356847223807
0.3000000000000682;0.8002;0.7998;-3.136359301604556
0.40000000000009095;0.8002;0.7998;-3.1364526290122985
0.3500000000000796;0.8001;0.7999;-3.1364281219939505
0.3500000000000796;0.8001;0.7999;-3.13644506273271
0.40000000000009095;0.8001;0.7999;-3.1364109163316187
0.3500000000000796;0.8001;0.7999;-3.13645329442236
0.3500000000000796;-0.4;-0.4;-3.136464398076396
0.3000000000000682;-0.4;-0.4;-3.136468820282635
