0.1;0.7884;0.8116;0.007097744574534015
0.24999999999999997;0.8106;0.7894;0.0031022381907687318
0.25;0.8047;0.7953;0.0005812187660466988
0.15000000000000013;0.8009;0.7991;-0.000689649863619724
0.3500000000000002;0.799;0.801;-0.002992092504090277
0.20000000000000018;0.7955;0.8045;-0.003940494810348001
0.15000000000000013;0.7941;0.8059;-0.0044957075529148275
0.20000000000000018;0.7933;0.8067;-0.005286014878647959
0.15000000000000013;0.7921;0.8079;-0.005370035758744624
0.15000000000000013;0.7919;0.8081;-0.005170104424805539
0.09999999999999964;0.7922;0.8078;-0.004954702414916926
0.1999999999999993;0.7926;0.8074;-0.002968674643342641
0.2499999999999991;0.7955;0.8045;-0.0010598339013978828
0.14999999999999947;0.7955;0.8045;-0.000948170184599885
0.1999999999999993;-0.4;-0.4;-0.001395415186852612
0.1999999999999993;-0.4;-0.4;-0.002722962340763814
0.1999999999999993;-0.4;-0.4;-0.004300962547456724
0.29999999999999893;-0.4;-0.4;-0.006735963115980804
0.14999999999999947;-0.4;-0.4;-0.007896143414026112
0.1999999999999993;-0.4;-0.4;-0.007690553956838976
0.1999999999999993;-0.4;-0.4;-0.006543573489932672
0.2499999999999991;-0.4;-0.4;-0.0046630130262610295
0.14999999999999947;-0.4;-0.4;-0.003610907698073606
0.14999999999999947;-0.4;-0.4;-0.002614151537041426
0.2499999999999991;-0.4;-0.4;-0.0010951484893080912
0.14999999999999947;-0.4;-0.4;-0.00027564232662987635
0.09999999999999964;-0.4;-0.4;0.00031013332054057345
0.2499999999999991;-0.4;0.4;0.0348709020820398
0.1999999999999993;-0.4;0.4;0.08257437297101176
0.29999999999999893;-0.4;0.4;0.15888178400764008
0.1999999999999993;-0.4;0.4;0.20853413270587387
0.2499999999999991;-0.4;0.4;0.27218220274877164
0.14999999999999947;-0.4;0.4;0.3126876767275794
0.14999999999999947;-0.4;0.4;0.34445812723947716
0.1999999999999993;-0.4;0.4;0.38692188374647996
0.2499999999999991;-0.3974;0.3974;0.4400672042547952
0.14999999999999947;-0.3443;0.3443;0.47010207569240237
0.34999999999999876;-0.3142;0.3142;0.5312927714518871
0.1999999999999993;-0.253;0.253;0.5580951573031985
0.1999999999999993;-0.2262;0.2262;0.5820246888855373
0.15000000000000124;-0.2023;0.2023;0.5980561157088565
0.25000000000000355;-0.1863;0.1863;0.6227586109761339
0.20000000000000284;-0.1616;0.1616;0.6398411086491678
0.25000000000000355;-0.1445;0.1445;0.6590780520390398
0.15000000000000213;-0.1253;0.1253;0.6690759205052623
0.25000000000000355;-0.1153;0.1153;0.6843533245026673
0.25000000000000355;-0.1;0.1;0.6976453572870102
0.25000000000000355;-0.0867;0.0867;0.7091172767794481
0.15000000000000213;-0.0752;0.0752;0.7150905310462147
0.20000000000000284;-0.0692;0.0692;0.7224016911011216
0.25000000000000355;-0.0619;0.0619;0.7305962993419003
0.15000000000000213;-0.0537;0.0537;0.7348499101607036
0.20000000000000284;-0.05;0.05;0.7401282133546563
0.20000000000000284;-0.05;0.05;0.7453825971916492
0.25000000000000355;-0.05;0.05;0.751996454067296
0.20000000000000284;-0.05;0.05;0.7572858959495022
0.15000000000000213;-0.05;0.05;0.7612657331953924
0.25000000000000355;-0.05;0.05;0.7678420302455412
0.15000000000000213;-0.05;0.05;0.7717861530195671
0.15000000000000213;-0.05;0.05;0.775757247309379
0.15000000000000213;0.0;0.0;0.7757570230013059
0.20000000000000284;0.3;0.165;0.7686234218469746
0.25000000000000355;0.3;0.165;0.7596968639362641
0.25000000000000355;0.3;0.165;0.7508070807613245
0.20000000000000284;0.3;0.165;0.7434882575724054
0.25000000000000355;0.3;0.165;0.7339711329822497
0.15000000000000213;0.3;0.165;0.7275720055756375
0.25000000000000355;0.3;0.165;0.716912453356297
0.15000000000000213;0.3;0.165;0.7104867181532185
0.20000000000000284;0.3;0.165;0.7020275572516146
0.20000000000000284;0.3;0.165;0.693716217620985
0.25000000000000355;0.3;0.165;0.6832907000868733
0.20000000000000284;0.3;0.165;0.6750074696674737
0.20000000000000284;0.3;0.165;0.6671462600606896
0.15000000000000213;0.3;0.165;0.6615520623358214
0.15000000000000213;0.3;0.165;0.6562089432912704
0.25000000000000355;0.3;0.165;0.64737285005014
0.25000000000000355;0.3;0.165;0.6385859351611033
0.20000000000000284;0.3;0.165;0.6314870559591236
0.25000000000000355;0.3;0.165;0.6223359878819142
0.20000000000000284;0.3;0.165;0.6145634087356643
0.25000000000000355;0.3;0.165;0.604079249094894
0.15000000000000213;0.3;0.165;0.5977503163579959
0.15000000000000213;0.3;0.165;0.5913751743556488
0.15000000000000213;0.3;0.165;0.5852451917931596
0.25000000000000355;0.3;0.165;0.576092055544593
0.25000000000000355;0.3;0.165;0.5655929782200535
0.30000000000000426;0.3;0.165;0.5531074912125222
0.20000000000000284;0.3;0.165;0.54498735920998
0.25000000000000355;0.3;0.165;0.5354901715190774
0.25000000000000355;0.3;0.165;0.5254384658024325
0.15000000000000213;0.3;0.165;0.5193556139040271
0.25000000000000355;0.3;0.165;0.5092805420961576
0.20000000000000284;0.3;0.165;0.5012260002677958
0.20000000000000284;0.3;0.165;0.49304352408589686
0.25000000000000355;0.3;0.165;0.4831152315811792
0.20000000000000284;0.3;0.165;0.4757836732370884
0.15000000000000213;0.3;0.165;0.46990108915043544
0.15000000000000213;0.3;0.165;0.46395159327687435
0.20000000000000284;0.3;0.165;0.45501044953903635
0.20000000000000284;0.3;0.165;0.4462545988959476
0.20000000000000284;0.3;0.165;0.4380241402492687
0.15000000000000213;0.3;0.165;0.43129776820725935
0.25000000000000355;0.3;0.165;0.41967102626569375
0.20000000000000284;0.3;0.165;0.4105296013424663
0.20000000000000284;0.3;0.165;0.40072701189685295
0.20000000000000284;0.3;0.165;0.3916134044160386
0.20000000000000284;0.3;0.165;0.383550180571077
0.20000000000000284;0.3;0.165;0.37601703894625005
0.20000000000000284;0.3;0.165;0.36876237508222715
0.25000000000000355;0.3;0.165;0.35901711909131345
0.25000000000000355;0.3;0.165;0.3492796772557469
0.20000000000000284;0.3;0.165;0.34139854925631424
0.10000000000000142;0.3;0.165;0.33731621359109
0.20000000000000284;0.3;0.165;0.32932127128525435
0.20000000000000284;0.3;0.165;0.32158617976638854
0.20000000000000284;0.3;0.165;0.31439549235941805
0.15000000000000213;0.3;0.165;0.30900234490244655
0.20000000000000284;0.3;0.165;0.3018157408421548
0.20000000000000284;0.3;0.165;0.29380942332231674
0.25000000000000355;0.3;0.165;0.28503512178078705
0.20000000000000284;0.3;0.165;0.27712876997662
0.15000000000000213;0.3;0.165;0.2709104648913657
0.15000000000000213;0.3;0.165;0.26435605330758954
0.20000000000000284;0.3;0.165;0.2554192807945427
0.20000000000000284;0.3;0.165;0.24654024725775137
0.15000000000000213;0.3;0.165;0.24020122346836956
0.20000000000000284;0.3;0.165;0.2334156451335573
0.30000000000000426;0.3;0.165;0.2219804471213144
0.15000000000000213;0.3;0.165;0.21583937013783644
0.25000000000000355;0.3;0.165;0.20453723772511126
0.25000000000000355;0.3;0.165;0.19330456944011457
0.20000000000000284;0.3;0.165;0.18427489044946097
0.20000000000000284;0.3;0.165;0.175317709757672
0.15000000000000213;0.3;0.165;0.1685243885358821
0.20000000000000284;0.3;0.165;0.15953680380035612
0.30000000000000426;0.3;0.165;0.14618136165277718
0.20000000000000284;0.3;0.165;0.13714882146342083
0.15000000000000213;0.3;0.165;0.1306092259540695
0.20000000000000284;0.3;0.165;0.12134292787946692
0.15000000000000213;0.3;0.165;0.11467942772464883
0.20000000000000284;0.3;0.165;0.10623948995590377
0.25000000000000355;0.3;0.165;0.09569327958518971
0.20000000000000284;0.3;0.165;0.08785155192477544
0.25000000000000355;0.3;0.165;0.07859406800626365
0.20000000000000284;0.3;0.165;0.07116884978000626
0.25000000000000355;0.3;0.165;0.062152709754624696
0.25000000000000355;0.3;0.165;0.05301907583599131
0.20000000000000284;0.3;0.165;0.045888822129356355
0.20000000000000284;0.3;0.165;0.038796581647864904
0.15000000000000213;0.3;0.165;0.03346629354497318
0.20000000000000284;0.3;0.165;0.026267275753520038
0.25000000000000355;0.3;0.165;0.01698393112126999
0.20000000000000284;0.3;0.165;0.00926956938026898
0.25000000000000355;0.3;0.165;-0.0004980219718497807
0.20000000000000284;0.3;0.165;-0.008323860411264206
0.20000000000000284;0.3;0.165;-0.016231944288887253
0.14999999999999503;0.3;0.165;-0.02223582338528183
0.2499999999999858;0.3;0.165;-0.03226746629855948
0.29999999999998295;0.3;0.165;-0.04459693173946813
0.29999999999998295;0.3;0.165;-0.056941719323958945
0.19999999999998863;0.3;0.165;-0.06534887481835153
0.19999999999998863;0.3;0.165;-0.07382715562359565
0.14999999999999147;0.3;0.165;-0.08036690062531655
0.14999999999999147;0.3;0.165;-0.08695668519403804
0.2499999999999858;0.3;0.165;-0.09794683629855386
0.2499999999999858;0.3;0.165;-0.10838550566144588
0.14999999999999147;0.3;0.165;-0.114527217387375
0.29999999999998295;0.3;0.165;-0.12630480564308022
0.14999999999999147;0.3;0.165;-0.13192920149654228
0.2499999999999858;0.3;0.165;-0.14098588860093067
0.14999999999999147;0.3;0.165;-0.146388770754998
0.29999999999998295;0.3;0.165;-0.1572499431134906
0.19999999999998863;0.3;0.165;-0.16449572029563272
0.14999999999999147;0.3;0.165;-0.16992030067726652
0.14999999999999147;0.3;0.165;-0.17535828057416164
0.3499999999999801;0.3;0.165;-0.18808938063555214
0.2499999999999858;0.3;0.165;-0.1976349447705631
0.19999999999998863;0.3;0.165;-0.20500652975472455
0.19999999999998863;0.3;0.165;-0.21189807187659224
0.2499999999999858;0.3;0.165;-0.2209747095435161
0.2499999999999858;0.3;0.165;-0.22932095560173663
0.29999999999998295;0.3;0.165;-0.23991759320208736
0.19999999999998863;0.3;0.165;-0.24687043572455
0.39999999999997726;0.3;0.165;-0.25994618265989283
0.3499999999999801;0.3;0.165;-0.2723231451192139
0.14999999999999147;0.3;0.165;-0.2778067246123253
0.19999999999998863;0.3;0.165;-0.2853142470713586
0.19999999999998863;0.3;0.165;-0.2922239691429181
0.14999999999999147;0.3;0.165;-0.29754183223291436
0.14999999999999147;0.3;0.165;-0.30352366625377936
0.29999999999998295;0.3;0.165;-0.31521230155029534
0.2499999999999858;0.3;0.165;-0.3247647276821783
0.14999999999999147;0.3;0.165;-0.33079499125377404
0.14999999999999147;0.3;0.165;-0.3367582731052213
0.19999999999998863;0.3;0.165;-0.3445027455191602
0.19999999999998863;0.3;0.165;-0.35216710263601253
0.2499999999999858;0.3;0.165;-0.3608048936139391
0.19999999999998863;0.3;0.165;-0.3676108599087143
0.19999999999998863;0.3;0.165;-0.3747046358138471
0.29999999999998295;0.3;0.165;-0.38575417161729714
0.14999999999999147;0.3;0.165;-0.39115582159314877
0.19999999999998863;0.3;0.165;-0.3977928813888504
0.14999999999999147;0.3;0.165;-0.4027682390439535
0.14999999999999147;0.3;0.165;-0.4079770308872902
0.19999999999998863;0.3;0.165;-0.41540412092804313
0.19999999999998863;0.3;0.165;-0.4221998396646709
0.19999999999998863;0.3;0.165;-0.42896835234940234
0.3499999999999801;0.3;0.165;-0.44080294085095106
0.14999999999999147;0.3;0.165;-0.44587911586925233
0.19999999999998863;0.3;0.165;-0.45267478226594776
0.14999999999999147;0.3;0.165;-0.45782546249335276
0.19999999999998863;0.3;0.165;-0.4646934027831208
0.14999999999999147;0.3;0.165;-0.4702541325609118
0.2499999999999858;0.3;0.165;-0.4807086020738157
0.19999999999998863;0.3;0.165;-0.4894127101489005
0.29999999999998295;0.3;0.165;-0.5029989332187093
0.2499999999999858;0.3;0.165;-0.5146692002298808
0.14999999999999147;0.3;0.165;-0.5217333855132906
0.19999999999998863;0.3;0.165;-0.5312185729980782
0.19999999999998863;0.3;0.165;-0.5407437722437531
0.19999999999998863;0.3;0.165;-0.5502637339957189
0.19999999999998863;0.3;0.165;-0.559813558393797
0.2499999999999858;0.3;0.165;-0.5717684504328165
0.39999999999997726;0.3;0.165;-0.5907690132477404
0.14999999999999147;0.3;0.165;-0.59786883210766
0.09999999999999432;0.3;0.165;-0.6025902772632116
0.2499999999999858;0.3;0.165;-0.6143297147367005
0.2499999999999858;0.3;0.165;-0.6260367195177218
0.14999999999999147;0.3;0.165;-0.6330556816768439
0.14999999999999147;0.3;0.165;-0.6400778574150023
0.19999999999998863;0.3;0.165;-0.6494480373701228
0.2499999999999858;0.3;0.165;-0.6611735517019302
0.2499999999999858;0.3;0.165;-0.6723555765738366
0.19999999999998863;0.3;0.165;-0.6804607933210691
0.14999999999999147;0.3;0.165;-0.6857453430601986
0.19999999999998863;0.3;0.165;-0.6929556139784926
0.19999999999998863;0.3;0.165;-0.6998224248802063
0.14999999999999147;0.3;0.165;-0.7049299854409068
0.09999999999999432;0.3;0.165;-0.7084112654544712
0.19999999999998863;0.3;0.165;-0.7157780575097176
0.2499999999999858;0.3;0.165;-0.7252971907285223
0.19999999999998863;0.3;0.165;-0.7335278607295854
0.2499999999999858;0.3;0.165;-0.7451725900619549
0.19999999999998863;0.3;0.165;-0.754013583497749
0.14999999999999147;0.3;0.165;-0.7602067437125485
0.19999999999998863;0.3;0.165;-0.7684928905112852
0.14999999999999147;0.3;0.165;-0.7741921440938975
0.14999999999999147;0.3;0.165;-0.7792928202604765
0.2499999999999858;0.3;0.165;-0.7879137204817296
0.19999999999998863;0.0;0.0;-0.788631629449971
0.14999999999999147;-0.4;0.4;-0.7658409229914038
0.19999999999998863;-0.4;0.4;-0.7177668682848485
0.19999999999998863;-0.4;0.4;-0.6696807231490366
0.14999999999999147;-0.4;0.4;-0.6339862678893438
0.19999999999998863;-0.4;0.4;-0.586226889023956
0.14999999999999147;-0.4;0.4;-0.5501451887124996
0.19999999999998863;-0.4;0.4;-0.5020578020258942
0.29999999999998295;-0.4;0.4;-0.4285703398510116
0.19999999999998863;-0.4;0.4;-0.379569154135492
0.19999999999998863;-0.3771;0.3771;-0.33501655535307745
0.19999999999998863;-0.3325;0.3325;-0.2943389726882438
0.2499999999999858;-0.2918;0.2918;-0.25025961724499174
0.2499999999999858;-0.2477;0.2477;-0.21326196989276397
0.19999999999998863;-0.2107;0.2107;-0.1881195802887033
0.29999999999998295;-0.1856;0.1856;-0.15474937624085064
0.19999999999998863;-0.1522;0.1522;-0.13681993180960395
0.19999999999998863;-0.1343;0.1343;-0.12050050047214401
0.2499999999999858;-0.118;0.118;-0.10279218185887214
0.19999999999998863;-0.1003;0.1003;-0.09085081911484356
0.14999999999999147;-0.0883;0.0883;-0.08288594797028762
0.2499999999999858;-0.0804;0.0804;-0.07100563998544268
0.19999999999998863;-0.0685;0.0685;-0.062853504574657
0.2499999999999858;-0.0603;0.0603;-0.054411850475122744
0.3499999999999801;-0.0519;0.0519;-0.044385388048928436
0.09999999999999432;-0.05;0.05;-0.041419276365838975
0.14999999999999147;-0.05;0.05;-0.03701089080796278
0.14999999999999147;-0.05;0.05;-0.032589368693455786
0.14999999999999147;-0.05;0.05;-0.028163421013811973
0.2499999999999858;-0.05;0.05;-0.020714009846173855
0.19999999999998863;-0.05;0.05;-0.014812294713855966
0.19999999999998863;-0.05;0.05;-0.008900563496562425
0.29999999999998295;0.0;0.0;-0.008896808682953892
0.2499999999999858;0.8;0.8;-0.009204294315118737
0.14999999999999147;0.7995;0.8005;-0.00954838836291009
0.14999999999999147;0.799;0.801;-0.010777275263215253
0.2499999999999858;0.7972;0.8028;-0.012546388931942754
0.19999999999998863;0.7945;0.8055;-0.013323507551524612
0.14999999999999147;0.7934;0.8066;-0.013942230199094763
0.19999999999998863;0.7924;0.8076;-0.014594045654534865
0.29999999999998295;0.7915;0.8085;-0.014261799996856436
0.14999999999999147;0.792;0.808;-0.014787311874897716
0.19999999999998863;0.7912;0.8088;-0.01539218182094953
0.19999999999998863;0.7903;0.8097;-0.01589918233085277
0.2499999999999858;0.7895;0.8105;-0.0164511920088868
0.19999999999998863;0.7887;0.8113;-0.016734975786180665
0.19999999999998863;0.7882;0.8118;-0.016946704212910266
0.2499999999999858;0.7879;0.8121;-0.017252673059461338
0.19999999999998863;0.7875;0.8125;-0.01739459122555714
0.29999999999998295;0.7873;0.8127;-0.017570188113428663
0.2499999999999858;0.787;0.813;-0.017617394970491737
0.19999999999998863;0.7869;0.8131;-0.017642168319931886
0.19999999999998863;0.7869;0.8131;-0.01767418114135109
0.14999999999999147;0.7868;0.8132;-0.017733918706632643
0.19999999999998863;0.7867;0.8133;-0.017764015550512872
0.19999999999998863;0.7867;0.8133;-0.017764723944790266
0.14999999999999147;0.7867;0.8133;-0.017782702356300712
0.19999999999998863;0.7867;0.8133;-0.017828053187689537
0.19999999999998863;0.7866;0.8134;-0.017829636090287575
0.19999999999998863;0.7866;0.8134;-0.017851167555949256
0.2499999999999929;0.7866;0.8134;-0.017882601699152432
0.14999999999999147;0.7865;0.8135;-0.017921042292023442
0.14999999999999147;0.7865;0.8135;-0.017951915579189053
0.2499999999999858;0.7864;0.8136;-0.017998922454398533
0.3499999999999801;0.7864;0.8136;-0.01792182142021021
0.14999999999999147;0.7865;0.8135;-0.017884786196356178
0.2499999999999858;0.7865;0.8135;-0.017855737488911286
0.19999999999998863;0.7866;0.8134;-0.017895935231442124
0.19999999999998863;0.7865;0.8135;-0.017909843846312508
0.2499999999999858;0.7865;0.8135;-0.017850808517934837
0.19999999999998863;0.7866;0.8134;-0.017814316346029882
0.19999999999998863;0.7866;0.8134;-0.01780037496570315
0.29999999999998295;0.7867;0.8133;-0.017793521365737523
0.19999999999998863;0.7867;0.8133;-0.017789138707752
0.2499999999999858;0.7867;0.8133;-0.017842637517931765
0.19999999999998863;0.7866;0.8134;-0.01792958170262616
0.14999999999999147;0.7865;0.8135;-0.01793008872142168
0.2499999999999858;0.7865;0.8135;-0.017874627393152678
0.19999999999998863;0.7865;0.8135;-0.017905934204316618
0.14999999999999147;0.7865;0.8135;-0.01788159045650922
0.3499999999999801;0.7865;0.8135;-0.017830539557504115
0.14999999999999147;0.7866;0.8134;-0.017828042912007677
0.19999999999998863;0.7866;0.8134;-0.017800055765026898
0.19999999999998863;0.7867;0.8133;-0.017787107206998623
0.19999999999998863;0.7867;0.8133;-0.017827416987414066
0.14999999999999147;0.7866;0.8134;-0.017883931281191215
0.2499999999999858;0.7865;0.8135;-0.017950631473077964
0.2499999999999858;0.7864;0.8136;-0.017897803880009253
0.19999999999998863;0.7865;0.8135;-0.017939574832322735
0.19999999999998863;0.7864;0.8136;-0.017977664451211357
0.2499999999999858;0.7864;0.8136;-0.01793571033343202
0.19999999999998863;0.7864;0.8136;-0.017898233784176272
0.14999999999999147;0.7865;0.8135;-0.017930657981239224
0.2499999999999858;0.7865;0.8135;-0.01789381901493448
0.29999999999998295;0.7865;0.8135;-0.017867497285869543
0.19999999999998863;0.7865;0.8135;-0.017826509957326018
0.29999999999998295;0.7866;0.8134;-0.017883802752167423
0.29999999999998295;0.7865;0.8135;-0.017927590099637996
0.19999999999998863;0.7865;0.8135;-0.017962786162035952
0.14999999999999147;0.7864;0.8136;-0.01797143677139323
0.14999999999999147;0.7864;0.8136;-0.016435536244946196
0.2499999999999858;-0.4;-0.4;-0.017290039970669382
0.19999999999998863;-0.4;-0.4;-0.01704162254052561
0.2499999999999858;-0.4;-0.4;-0.016405836808413343
0.2499999999999858;-0.4;-0.4;-0.01548054717216481
0.19999999999998863;-0.4;-0.4;-0.014867414847557492
0.14999999999999147;-0.4;-0.4;-0.014557036621607861
0.19999999999998863;-0.4;-0.4;-0.013535434469819554
0.14999999999999147;-0.4;-0.4;-0.012930084717565505
0.19999999999998863;-0.4;-0.4;-0.011878190159525775
0.14999999999999147;-0.4;-0.4;-0.011213896068523542
0.2499999999999858;-0.4;-0.4;-0.010205162835138087
0.2499999999999858;-0.4;-0.4;-0.00886719064959265
0.19999999999998863;-0.4;-0.4;-0.008565720273172116
0.19999999999998863;-0.4;-0.4;-0.007412652571139473
0.14999999999999147;-0.4;-0.4;-0.006707119072313064
0.19999999999998863;-0.4;-0.4;-0.005840978702611715
0.19999999999998863;-0.4;-0.4;-0.005025978706874471
0.14999999999999147;-0.4;-0.4;-0.004386856619807948
0.19999999999998863;-0.4;-0.4;-0.003307816750947719
0.2499999999999858;-0.4;-0.4;-0.0020068632702648853
0.2499999999999858;-0.4;-0.4;-0.0002270755273426346
0.2499999999999858;-0.4;-0.4;0.0015502872366327536
0.19999999999998863;-0.4;-0.4;0.0029108815401950807
0.14999999999999147;-0.4;-0.4;0.004039241439117793
0.29999999999998295;-0.4;-0.4;0.00641460151736638
0.14999999999999147;-0.4;-0.4;0.007147443909671979
0.19999999999998863;-0.4;-0.4;0.008206956763404214
0.14999999999999147;-0.4;-0.4;0.00928945935667823
0.29999999999998295;-0.4;-0.4;0.010344595252438062
0.19999999999998863;-0.4;-0.4;0.008905764296644135
0.19999999999998863;-0.4;-0.4;0.00892312736199402
0.19999999999998863;-0.4;-0.4;0.007553138758432576
0.19999999999998863;-0.4;-0.4;0.007575602093673731
0.2499999999999858;-0.4;-0.4;0.0070505403435640575
0.19999999999998863;-0.4;-0.4;0.006530628496145142
0.19999999999998863;-0.4;-0.4;0.005702678468078247
0.39999999999997726;-0.4;-0.4;0.0031880637760410735
0.19999999999998863;-0.4;-0.4;0.0017314003029356153
0.19999999999998863;0.8;-0.8;-0.052224842908214275
0.14999999999999147;0.8;-0.8;-0.12214038574539382
0.2499999999999858;0.8;-0.8;-0.24108451526260039
0.2499999999999858;0.8;-0.8;-0.3602841981364387
0.19999999999998863;0.8;-0.8;-0.4578065777121318
0.29999999999998295;0.8;-0.8;-0.6027304142466334
0.2499999999999858;0.8;-0.8;-0.7221412019924608
0.14999999999999147;0.8;-0.8;-0.794265952470716
0.14999999999999147;0.8;-0.8;-0.866545915794257
0.19999999999998863;0.8;-0.8;-0.9627127193450834
0.19999999999998863;0.8;-0.8;-1.0585791835522325
0.19999999999998863;0.8;-0.8;-1.1548566088109422
0.19999999999998863;0.8;-0.8;-1.2509176189482603
0.19999999999998863;0.8;-0.8;-1.3462641633316965
0.3499999999999801;0.8;-0.8;-1.511255191372598
0.14999999999999147;0.8;-0.8;-1.5826014160742463
0.14999999999999147;0.8;-0.8;-1.6550075087064078
0.19999999999998863;0.8;-0.8;-1.754392453981324
0.14999999999999147;0.8;-0.8;-1.8263402883325597
0.2499999999999858;0.7999;-0.7999;-1.9459452117867861
0.14999999999999147;0.7282;-0.7282;-2.011208018129811
0.2499999999999858;0.689;-0.689;-2.1137211072793676
0.2499999999999858;0.6275;-0.6275;-2.206542564885353
0.2499999999999858;0.5718;-0.5718;-2.291326329706626
0.19999999999998863;0.5209;-0.5209;-2.3527586672895477
0.19999999999998863;0.4841;-0.4841;-2.4107665448251323
0.14999999999999147;0.4493;-0.4493;-2.4514577122974517
0.19999999999998863;0.4249;-0.4249;-2.501845299696919
0.2499999999999858;0.3946;-0.3946;-2.560426383170272
0.14999999999999147;0.3595;-0.3595;-2.5931435254176485
0.2499999999999858;0.3399;-0.3399;-2.6432160829291167
0.2499999999999858;0.3098;-0.3098;-2.690459567594054
0.2499999999999858;0.2815;-0.2815;-2.7327211882351374
0.19999999999998863;0.2561;-0.2561;-2.7630878677969695
0.2499999999999858;0.2379;-0.2379;-2.7976797110757365
0.09999999999999432;0.2171;-0.2171;-2.810849569844184
0.19999999999998863;0.2092;-0.2092;-2.835531573046753
0.19999999999998863;0.1944;-0.1944;-2.8589810598551835
0.19999999999998863;0.1803;-0.1803;-2.8808407308102963
0.29999999999998295;0.1672;-0.1672;-2.910192402253028
0.2499999999999858;0.1496;-0.1496;-2.932170234264878
0.14999999999999147;0.1364;-0.1364;-2.944627623354001
0.19999999999998863;0.129;-0.129;-2.9593286728695647
0.14999999999999147;0.1201;-0.1201;-2.970308851932067
0.29999999999998295;0.1136;-0.1136;-2.989414383128546
0.14999999999999147;0.1021;-0.1021;-2.9985450289090108
0.09999999999999432;0.0966;-0.0966;-3.0044794193945874
0.2499999999999858;0.0931;-0.0931;-3.019389519012641
0.19999999999998863;0.0841;-0.0841;-3.0292259629912888
0.2499999999999858;0.0782;-0.0782;-3.041369657178645
0.2499999999999858;0.0709;-0.0709;-3.0516996540908545
0.19999999999998863;0.0647;-0.0647;-3.0588291276159802
0.14999999999999147;0.0604;-0.0604;-3.0637934607328012
0.19999999999998863;0.0575;-0.0575;-3.070854989181236
0.2499999999999858;0.0532;-0.0532;-3.0780789450017068
0.29999999999998295;0.0489;-0.0489;-3.086001653061814
0.14999999999999147;0.0441;-0.0441;-3.090229796372119
0.2499999999999858;0.0416;-0.0416;-3.0971064646872803
0.14999999999999147;0.0375;-0.0375;-3.1001415949548177
0.19999999999998863;0.0357;-0.0357;-3.1036403751030415
0.19999999999998863;0.0336;-0.0336;-3.107541940668217
0.14999999999999147;0.0312;-0.0312;-3.109974323022215
0.19999999999998863;0.0298;-0.0298;-3.1131094022819994
0.19999999999998863;0.0279;-0.0279;-3.1158807006312776
0.29999999999998295;0.0262;-0.0262;-3.1199676535866767
0.19999999999998863;0.0238;-0.0238;-3.122661973167024
0.19999999999998863;0.0221;-0.0221;-3.12515188044367
0.29999999999998295;0.0206;-0.0206;-3.1284019073385996
0.14999999999999147;0.02;-0.02;-3.1301845971545683
0.19999999999998863;0.02;-0.02;-3.1315254127936405
0.14999999999999147;0.02;-0.02;-3.132611038311914
0.2499999999999858;0.02;-0.02;-3.1352064023348976
0.2499999999999858;0.02;-0.02;-3.1377709551426287
0.14999999999999147;0.02;-0.02;-3.13970946562485
0.14999999999999147;0.02;-0.02;-3.1413202092969
0.19999999999998863;0.02;-0.02;-3.1427130264479577
0.19999999999998863;0.02;-0.02;-3.1459331762442573
0.2499999999999858;0.02;-0.02;-3.149288652849532
0.19999999999998863;0.02;-0.02;-3.1519893955103746
0.14999999999999147;0.0;0.0;-3.152239405881177
0.2499999999999858;0.811;0.789;-3.1522569474059026
0.19999999999998863;0.811;0.789;-3.151955962295382
0.19999999999998863;0.8114;0.7886;-3.151886927770369
0.19999999999998863;0.8115;0.7885;-3.1518537481365874
0.19999999999998863;0.8116;0.7884;-3.1526645260178388
0.14999999999999147;0.8103;0.7897;-3.1546344229220846
0.19999999999998863;0.8074;0.7926;-3.1569169905171592
0.14999999999999147;0.804;0.796;-3.158467275830121
0.29999999999998295;0.8016;0.7984;-3.1611852515284444
0.14999999999999147;0.7976;0.8024;-3.1620809991804606
0.2499999999999858;0.7962;0.8038;-3.1635085631726203
0.14999999999999147;0.7941;0.8059;-3.1641945595273566
0.19999999999998863;0.7931;0.8069;-3.1649825701296597
0.19999999999998863;0.7919;0.8081;-3.1656343426983042
0.2499999999999858;0.7909;0.8091;-3.166280783902606
0.14999999999999147;0.7899;0.8101;-3.1665909356443214
0.29999999999998295;0.7895;0.8105;-3.1672003100212476
0.19999999999998863;0.7885;0.8115;-3.167422728355707
0.2499999999999858;0.7882;0.8118;-3.1676394798303438
0.19999999999998863;0.7879;0.8121;-3.1678158448425595
0.19999999999998863;0.7876;0.8124;-3.167969556141355
0.19999999999998863;0.7874;0.8126;-3.168095535269026
0.19999999999998863;0.7872;0.8128;-3.1681836198265887
0.19999999999998863;0.7871;0.8129;-3.1682760422414247
0.2499999999999858;0.7869;0.8131;-3.1683656551508474
0.19999999999998863;0.7868;0.8132;-3.1683452767656446
0.14999999999999147;0.7868;0.8132;-3.168379714839556
0.19999999999998863;0.7868;0.8132;-3.1684438144197298
0.14999999999999147;0.7867;0.8133;-3.1684242168781838
0.19999999999998863;0.7867;0.8133;-3.168455057356882
0.14999999999999147;0.7867;0.8133;-3.1684254586548994
0.14999999999999147;0.7867;0.8133;-3.168407387975145
0.2499999999999858;0.7867;0.8133;-3.1683877029757075
0.29999999999998295;0.7868;0.8132;-3.168435918664278
0.2499999999999858;0.7867;0.8133;-3.168416684365332
0.3499999999999801;0.7867;0.8133;-3.1685155908732447
0.3499999999999801;0.7866;0.8134;-3.168428935717818
0.19999999999998863;0.7867;0.8133;-3.1684142445383543
0.14999999999999147;0.7867;0.8133;-3.1684402132229192
0.2499999999999858;0.7867;0.8133;-3.1685083059729315
0.2499999999999858;0.7866;0.8134;-3.1684630797146176
0.3499999999999801;0.7867;0.8133;-3.168412085890568
0.2499999999999858;0.7867;0.8133;-3.1684672387585735
0.19999999999998863;0.7866;0.8134;-3.1684981407952733
0.19999999999998863;0.7866;0.8134;-3.1685437115769624
0.14999999999999147;0.7865;0.8135;-3.1685146090081746
0.2499999999999858;0.7866;0.8134;-3.168480269022082
0.14999999999999147;0.7866;0.8134;-3.1684509212591117
0.19999999999998863;0.7867;0.8133;-3.168476708540087
0.2499999999999858;0.7866;0.8134;-3.168442816263225
0.2499999999999858;0.7867;0.8133;-3.168404270518369
0.19999999999998863;0.7867;0.8133;-3.1684495269575126
0.19999999999998863;0.7867;0.8133;-3.1684182049178657
0.19999999999998863;0.7867;0.8133;-3.168416690018928
0.19999999999998863;0.7867;0.8133;-3.1683864132578186
0.19999999999998863;0.7868;0.8132;-3.168435898846762
0.3499999999999801;0.7867;0.8133;-3.168397074176856
0.2499999999999858;0.7868;0.8132;-3.168404141989008
0.19999999999998863;0.7867;0.8133;-3.1683654722616468
0.2499999999999858;0.7868;0.8132;-3.1683614087182996
0.19999999999998863;0.7868;0.8132;-3.1684346568805775
0.19999999999998863;0.7867;0.8133;-3.1684641008318155
0.19999999999998863;0.7866;0.8134;-3.167698110910276
0.19999999999998863;0.7878;0.8122;-3.165779788342625
0.29999999999998295;0.7907;0.8093;-3.1619264685782538
0.14999999999999147;0.7965;0.8035;-3.1609816179987753
0.2499999999999858;0.7979;0.8021;-3.1595283811853263
0.14999999999999147;0.8001;0.7999;-3.1465464160993877
0.2499999999999858;0.8195;0.7805;-3.124026291825428
0.2499999999999858;0.8533;0.7467;-3.0995646701864685
0.19999999999998863;0.89;0.71;-3.0798523340326986
0.2499999999999858;0.9196;0.6804;-3.0555197129407574
0.29999999999998295;0.9561;0.6439;-3.0265332560451643
0.14999999999999147;0.9995;0.6005;-3.0121709906938734
0.2499999999999858;1.0211;0.5789;-2.9883799682041587
0.14999999999999147;1.0568;0.5432;-2.97391948118372
0.19999999999998863;1.0785;0.5215;-2.954560093699865
0.14999999999999147;1.1075;0.4925;-2.939996258110875
0.14999999999999147;1.1294;0.4706;-2.9254612362024432
0.19999999999998863;1.1512;0.4488;-2.906059240753707
0.29999999999998295;1.1803;0.4197;-2.877001514518236
0.19999999999998863;1.1803;0.4197;-2.8576617803977893
0.14999999999999147;-0.4;-0.4;-2.857501774091719
0.09999999999999432;-0.4;-0.4;-2.8577439003019958
0.19999999999998863;-0.4;-0.4;-2.858124784884187
0.14999999999999147;-0.4;-0.4;-2.858363706762064
0.2499999999999858;-0.4;-0.4;-2.858866997686956
0.19999999999998863;-0.4;-0.4;-2.8586024638873586
0.29999999999998295;-0.4;-0.4;-2.8604957554668244
0.2499999999999858;-0.4;-0.4;-2.8622500275291696
0.19999999999998863;-0.4;-0.4;-2.8635016074609414
0.14999999999999147;-0.4;-0.4;-2.864505957134339
0.19999999999998863;-0.4;-0.4;-2.86563944781096
0.2499999999999858;-0.4;-0.4;-2.8668182567065337
0.14999999999999147;-0.4;-0.4;-2.867788764756948
0.2499999999999858;-0.4;-0.4;-2.8696310352099803
0.2499999999999858;0.4;-0.4;-2.917742547797249
0.14999999999999147;0.4;-0.4;-2.9541890300405274
0.14999999999999147;0.4;-0.4;-2.9897301595262
0.19999999999998863;0.4;-0.4;-3.0362750056377887
0.2499999999999858;0.4;-0.4;-3.0958455825590274
0.14999999999999147;0.4;-0.4;-3.1319770425282427
0.2499999999999858;0.4;-0.4;-3.1880140881995898
0.19999999999998863;0.4;-0.4;-3.232779870098475
0.29999999999998295;0.4;-0.4;-3.3002300504915767
0.19999999999998863;0.3622;-0.3622;-3.3436356598835717
0.2499999999999858;0.3188;-0.3188;-3.3901766889670375
0.19999999999998863;0.2722;-0.2722;-3.4217232244804823
0.14999999999999147;0.2407;-0.2407;-3.442283006231806
0.2499999999999858;0.2201;-0.2201;-3.473198772343468
0.2499999999999858;0.1892;-0.1892;-3.4998194067855555
0.19999999999998863;0.1626;-0.1626;-3.518152744898402
0.19999999999998863;0.1442;-0.1442;-3.5353628422378227
0.29999999999998295;0.127;-0.127;-3.557620367633312
0.19999999999998863;0.1048;-0.1048;-3.569694827934044
0.2499999999999858;0.0927;-0.0927;-3.583473234909735
0.19999999999998863;0.0789;-0.0789;-3.592857436463345
0.19999999999998863;0.0695;-0.0695;-3.6011259169850827
0.19999999999998863;0.0613;-0.0613;-3.6084112470312406
0.19999999999998863;0.054;-0.054;-3.614519443960325
0.19999999999998863;0.05;-0.05;-3.6201459238692144
0.29999999999998295;0.05;-0.05;-3.6286132740826926
0.14999999999999147;0.05;-0.05;-3.6328469718713214
0.2499999999999858;0.05;-0.05;-3.6399031741457146
0.14999999999999147;0.05;-0.05;-3.6441118986925596
0.19999999999998863;0.05;-0.05;-3.649743289581568
0.19999999999998863;0.05;-0.05;-3.6553607947335043
0.19999999999998863;0.0;0.0;-3.6553623342242636
0.19999999999998863;0.165;0.3;-3.647756229230962
0.29999999999998295;0.165;0.3;-3.6363966986818115
0.19999999999998863;0.165;0.3;-3.6286694074207784
0.19999999999998863;0.165;0.3;-3.620433875188754
0.19999999999998863;0.165;0.3;-3.6113099076643893
0.2499999999999858;0.165;0.3;-3.599800227385554
0.2499999999999858;0.165;0.3;-3.5881738852955904
0.19999999999998863;0.165;0.3;-3.5793641457550716
0.19999999999998863;0.165;0.3;-3.570330991993494
0.29999999999998295;0.165;0.3;-3.55759570882049
0.19999999999998863;0.165;0.3;-3.549125044732914
0.2499999999999858;0.165;0.3;-3.538816089426898
0.09999999999999432;0.165;0.3;-3.535033388028116
0.19999999999998863;0.165;0.3;-3.527199241080757
0.19999999999998863;0.165;0.3;-3.5194033278049583
0.1500000000000341;0.165;0.3;-3.5135918660642984
0.20000000000004547;0.165;0.3;-3.5054277389807593
0.3000000000000682;0.165;0.3;-3.492607273585152
0.20000000000004547;0.165;0.3;-3.483894180340547
0.25000000000005684;0.165;0.3;-3.4726655296650377
0.1500000000000341;0.165;0.3;-3.465928305108809
0.20000000000004547;0.165;0.3;-3.4570872100561156
0.10000000000002274;0.165;0.3;-3.452536953608653
0.25000000000005684;0.165;0.3;-3.4415450771385583
0.20000000000004547;0.165;0.3;-3.432644595189933
0.25000000000005684;0.165;0.3;-3.4215187196106838
0.20000000000004547;0.165;0.3;-3.4124021112181855
0.20000000000004547;0.165;0.3;-3.4041993337325134
0.20000000000004547;0.165;0.3;-3.3966103482237644
0.20000000000004547;0.165;0.3;-3.3893216513334705
0.1500000000000341;0.165;0.3;-3.3839268253184276
0.20000000000004547;0.165;0.3;-3.3765198205360245
0.1500000000000341;0.165;0.3;-3.3706916287491433
0.3000000000000682;0.165;0.3;-3.359087936514738
0.20000000000004547;0.165;0.3;-3.3513607794688314
0.25000000000005684;0.165;0.3;-3.3420380579069553
0.20000000000004547;0.165;0.3;-3.3344239649036553
0.20000000000004547;0.165;0.3;-3.3259740936689997
0.25000000000005684;0.165;0.3;-3.3146046246290526
0.20000000000004547;0.165;0.3;-3.3065677694093596
0.1500000000000341;0.165;0.3;-3.300647639100685
0.3000000000000682;0.165;0.3;-3.288730082019127
0.1500000000000341;0.165;0.3;-3.2819303481924416
0.25000000000005684;0.165;0.3;-3.2702974116289805
0.3000000000000682;0.165;0.3;-3.2565465090100023
0.25000000000005684;0.165;0.3;-3.245257177313373
0.20000000000004547;0.165;0.3;-3.236365380613827
0.20000000000004547;0.165;0.3;-3.2277294026405667
0.20000000000004547;0.165;0.3;-3.2192825364286004
0.3000000000000682;0.165;0.3;-3.207159326647944
0.25000000000005684;0.165;0.3;-3.1972406478578064
0.25000000000005684;0.165;0.3;-3.18739967887643
0.20000000000004547;0.165;0.3;-3.1794545940990497
0.1500000000000341;0.165;0.3;-3.1731067409176097
0.25000000000005684;0.165;0.3;-3.1616784379667693
0.20000000000004547;0.165;0.3;-3.1530860357034713
0.20000000000004547;0.165;0.3;-3.14480368379421
0.25000000000005684;0.165;0.3;-3.1349186131164712
0.25000000000005684;0.165;0.3;-3.1250706277477267
0.25000000000005684;0.165;0.3;-3.1140000920273097
0.1500000000000341;0.165;0.3;-3.1072807090373047
0.20000000000004547;0.165;0.3;-3.098275893299115
0.20000000000004547;0.165;0.3;-3.089575198235606
0.1500000000000341;0.165;0.3;-3.082824649028652
0.20000000000004547;0.165;0.3;-3.073901896014441
0.3000000000000682;0.165;0.3;-3.062513392379517
0.20000000000004547;0.165;0.3;-3.0548294579093374
0.20000000000004547;0.165;0.3;-3.047144256929038
0.20000000000004547;0.165;0.3;-3.039235518073362
0.20000000000004547;0.165;0.3;-3.0311194223748488
0.20000000000004547;0.165;0.3;-3.022774927925443
0.25000000000005684;0.165;0.3;-3.0121671702894646
0.25000000000005684;0.165;0.3;-3.0015528420178166
0.20000000000004547;0.165;0.3;-2.993062984445294
0.20000000000004547;0.165;0.3;-2.9845722583017404
0.25000000000005684;0.165;0.3;-2.973954159474047
0.20000000000004547;0.165;0.3;-2.9654612946849563
0.25000000000005684;0.165;0.3;-2.9548387531511877
0.20000000000004547;0.165;0.3;-2.9463376188523425
0.20000000000004547;0.165;0.3;-2.937835782700427
0.25000000000005684;0.165;0.3;-2.927201630912314
0.3000000000000682;0.165;0.3;-2.914433401066579
0.20000000000004547;0.165;0.3;-2.9059290544720406
0.20000000000004547;0.165;0.3;-2.8974212739255387
0.20000000000004547;0.165;0.3;-2.8889095450637416
0.20000000000004547;0.165;0.3;-2.8803960134044626
0.20000000000004547;0.165;0.3;-2.871882018876309
0.20000000000004547;0.165;0.3;-2.8633649640305587
0.1500000000000341;0.165;0.3;-2.8569764349415743
0.3500000000000796;0.165;0.3;-2.842064171763489
0.20000000000004547;0.165;0.3;-2.83382822350842
0.20000000000004547;0.165;0.3;-2.825712788085992
0.20000000000004547;0.165;0.3;-2.8179060628621415
0.1500000000000341;0.165;0.3;-2.8122093800319137
0.20000000000004547;0.165;0.3;-2.8046918961555023
0.1500000000000341;0.165;0.3;-2.799118761150422
0.1500000000000341;0.165;0.3;-2.793572907779511
0.25000000000005684;0.165;0.3;-2.784419677094095
0.20000000000004547;0.165;0.3;-2.777142058027437
0.1500000000000341;0.165;0.3;-2.771667470419618
0.1500000000000341;0.165;0.3;-2.766194009492221
0.20000000000004547;0.165;0.3;-2.758621032628176
0.20000000000004547;0.165;0.3;-2.750859167635315
0.25000000000005684;0.165;0.3;-2.739761206606321
0.1500000000000341;0.165;0.3;-2.7330070334316137
0.3500000000000796;0.165;0.3;-2.7180743986393323
0.25000000000005684;0.165;0.3;-2.707591197602028
0.25000000000005684;0.165;0.3;-2.6974014312992995
0.10000000000002274;0.165;0.3;-2.693192470684892
0.20000000000004547;0.165;0.3;-2.6847208043240736
0.20000000000004547;0.165;0.3;-2.676392356987521
0.20000000000004547;0.165;0.3;-2.6681619732779898
0.20000000000004547;0.165;0.3;-2.6597366858542046
0.3000000000000682;0.165;0.3;-2.6470605493184376
0.20000000000004547;0.165;0.3;-2.6385244424200107
0.3000000000000682;0.165;0.3;-2.625602264176209
0.1500000000000341;0.165;0.3;-2.6191471725429847
0.1500000000000341;0.165;0.3;-2.612850178796631
0.20000000000004547;0.165;0.3;-2.604204214339993
0.10000000000002274;0.165;0.3;-2.6001014295235505
0.20000000000004547;0.165;0.3;-2.5914802259820613
0.20000000000004547;0.165;0.3;-2.5830507753424614
0.25000000000005684;0.165;0.3;-2.57376880894194
0.20000000000004547;0.165;0.3;-2.5664900910142094
0.20000000000004547;0.165;0.3;-2.5595559484814956
0.10000000000002274;0.7884;0.8116;-2.5560499654209305
0.0;0.165;0.3;-2.5560499654209305
0.0;0.165;0.3;-2.5560499654209305
0.0;0.165;0.3;-2.5560499654209305
0.0;0.165;0.3;-2.5560499654209305
0.0;0.165;0.3;-2.5560499654209305
0.0;0.165;0.3;-2.5560499654209305
0.0;0.165;0.3;-2.5560499654209305
0.0;0.165;0.3;-2.5560499654209305
0.0;0.165;0.3;-2.5560499654209305
0.0;0.165;0.3;-2.5560499654209305
0.0;0.165;0.3;-2.5560499654209305
0.0;0.165;0.3;-2.5560499654209305
0.0;0.165;0.3;-2.5560499654209305
0.0;0.165;0.3;-2.5560499654209305
0.0;0.165;0.3;-2.5560499654209305
0.0;0.165;0.3;-2.5560499654209305
0.0;0.165;0.3;-2.5560499654209305
0.0;0.165;0.3;-2.5560499654209305
0.0;0.165;0.3;-2.5560499654209305
0.0;0.165;0.3;-2.5560499654209305
0.0;0.165;0.3;-2.5560499654209305
0.0;0.165;0.3;-2.5560499654209305
0.0;0.165;0.3;-2.5560499654209305
0.0;0.165;0.3;-2.5560499654209305
0.0;0.165;0.3;-2.5560499654209305
0.0;0.165;0.3;-2.5560499654209305
0.0;0.165;0.3;-2.5560499654209305
0.0;0.165;0.3;-2.5560499654209305
0.0;0.165;0.3;-2.5560499654209305
