0.15000000000000002;0.1;-0.1;-0.008330921980729994
0.24999999999999994;0.7875;0.8125;0.00035074595462265996
0.2;0.8005;0.7995;-0.0010972095237193583
0.30000000000000027;0.7984;0.8016;-0.0031276596985829507
0.15000000000000002;0.7953;0.8047;-0.00384796207364709
0.15000000000000013;0.7942;0.8058;-0.004488066625147273
0.20000000000000018;0.7933;0.8067;-0.005268842892542454
0.20000000000000018;0.7921;0.8079;-0.0049716949280881675
0.15000000000000013;0.7925;0.8075;-0.004426679587252364
0.20000000000000018;0.7934;0.8066;-0.0028593708117585796
0.1999999999999993;0.7957;0.8043;-0.0007846000731294659
0.2499999999999991;0.7988;0.8012;0.0012729345088520827
0.2499999999999991;0.8019;0.7981;0.0019736169210556845
0.1999999999999993;0.8019;0.7981;0.0028363619827022953
0.14999999999999947;-0.4;-0.4;0.0032246106420468737
0.1999999999999993;-0.4;-0.4;0.003244378187594403
0.14999999999999947;-0.4;-0.4;0.002259345424008662
0.2499999999999991;-0.4;-0.4;0.00028559368971557784
0.14999999999999947;-0.4;-0.4;-0.0009023643421233875
0.14999999999999947;-0.4;-0.4;-0.002000112593829406
0.3999999999999986;-0.4;-0.4;-0.0023038808903695237
0.1999999999999993;-0.4;-0.4;-0.0015272438588697194
0.1999999999999993;-0.4;-0.4;-0.0007912792662243218
0.2499999999999991;-0.4;-0.4;0.0003386340643118862
0.14999999999999947;-0.4;-0.4;0.0014347267708490646
0.2499999999999991;-0.4;-0.4;0.0031202463208483697
0.1999999999999993;-0.1;0.1;0.014014344420791695
0.1999999999999993;-0.1;0.1;0.026304032451772402
0.34999999999999876;-0.1;0.1;0.0449202269467371
0.1999999999999993;-0.1;0.1;0.05645496194755076
0.2499999999999991;-0.1;0.1;0.07097426745266798
0.14999999999999947;-0.1;0.1;0.07975155392106494
0.2499999999999991;-0.1;0.1;0.09618138094621319
0.1999999999999993;-0.1;0.1;0.10956315236519436
0.2499999999999991;-0.1;0.1;0.12595965714795082
0.2499999999999991;-0.1;0.1;0.14108898005169485
0.3999999999999986;-0.1;0.1;0.1634984900229718
0.15000000000000213;-0.1;0.1;0.17248493224807898
0.25000000000000355;-0.1;0.1;0.1885173177219881
0.20000000000000284;-0.1;0.1;0.20094056862756673
0.15000000000000213;-0.1;0.1;0.21076449990647653
0.15000000000000213;-0.1;0.1;0.2205973063105692
0.15000000000000213;-0.1;0.1;0.23042272825285715
0.15000000000000213;-0.1;0.1;0.24024936070348027
0.20000000000000284;-0.1;0.1;0.2533727633113403
0.25000000000000355;-0.1;0.1;0.2699457251669891
0.20000000000000284;-0.1;0.1;0.28310802993726736
0.15000000000000213;-0.1;0.1;0.2920839668777596
0.20000000000000284;-0.1;0.1;0.30270774898868935
0.20000000000000284;-0.1;0.1;0.31332679077426506
0.20000000000000284;-0.1;0.1;0.32396241240867496
0.15000000000000213;-0.1;0.1;0.3319365729569581
0.20000000000000284;-0.1;0.1;0.34247315714468923
0.30000000000000426;-0.1;0.1;0.35842481407127735
0.20000000000000284;-0.1;0.1;0.3689992991692723
0.15000000000000213;-0.1;0.1;0.37696861267902965
0.20000000000000284;-0.1;0.1;0.38758549506818557
0.30000000000000426;-0.1;0.1;0.4035448758634581
0.20000000000000284;-0.1;0.1;0.414165503149803
0.20000000000000284;-0.1;0.1;0.42479401176044035
0.20000000000000284;-0.1;0.1;0.4364677326995411
0.350000000000005;-0.1;0.1;0.4569366473227555
0.20000000000000284;-0.1;0.1;0.4685513479624168
0.20000000000000284;-0.1;0.1;0.48016493640142915
0.30000000000000426;-0.1;0.1;0.4977084964358056
0.20000000000000284;-0.1;0.1;0.5091122762278534
0.20000000000000284;-0.1;0.1;0.5202915519695134
0.25000000000000355;-0.1;0.1;0.5341608895943565
0.20000000000000284;-0.1;0.1;0.545802504793587
0.4000000000000057;-0.1;0.1;0.5669889496646436
0.15000000000000213;-0.1;0.1;0.5749633372586861
0.20000000000000284;-0.1;0.1;0.5855304154752231
0.25000000000000355;-0.1;0.1;0.5988303639750294
0.25000000000000355;-0.1;0.1;0.6120413320627243
0.25000000000000355;-0.1;0.1;0.6252716308773885
0.20000000000000284;-0.1;0.1;0.6359013609712618
0.20000000000000284;-0.1;0.1;0.6465560675962438
0.25000000000000355;-0.1;0.1;0.6598607427875574
0.25000000000000355;-0.1;0.1;0.6731798664614657
0.15000000000000213;-0.1;0.1;0.6811275738239254
0.20000000000000284;-0.1;0.1;0.6916965062212088
0.25000000000000355;-0.1;0.1;0.7049720617340436
0.20000000000000284;-0.1;0.1;0.715526396213719
0.20000000000000284;-0.1;0.1;0.7260814771255716
0.20000000000000284;-0.1;0.1;0.736626167629124
0.350000000000005;-0.1;0.1;0.7550542285441681
0.25000000000000355;-0.1;0.1;0.7682511559568678
0.15000000000000213;-0.1;0.1;0.7761855457765898
0.25000000000000355;-0.1;0.1;0.7893661574750831
0.350000000000005;0.0;0.0;0.7893617927322236
0.20000000000000284;0.4;0.22;0.7794150586446523
0.15000000000000213;0.4;0.22;0.7722792006180065
0.20000000000000284;0.4;0.22;0.7627435938690795
0.25000000000000355;0.4;0.22;0.750498060289198
0.15000000000000213;0.4;0.22;0.7423295848947784
0.20000000000000284;0.4;0.22;0.7309765637747536
0.20000000000000284;0.4;0.22;0.7200103966828318
0.20000000000000284;0.4;0.22;0.709169816409304
0.20000000000000284;0.4;0.22;0.6984489802812504
0.20000000000000284;0.4;0.22;0.6873629485881438
0.25000000000000355;0.4;0.22;0.6743428354050666
0.350000000000005;0.4;0.22;0.656447174105911
0.25000000000000355;0.4;0.22;0.6435830656711573
0.25000000000000355;0.4;0.22;0.6303254023577016
0.15000000000000213;0.4;0.22;0.6221151592104635
0.20000000000000284;0.4;0.22;0.611183962135923
0.20000000000000284;0.4;0.22;0.600478857842918
0.25000000000000355;0.4;0.22;0.5873321514853566
0.20000000000000284;0.4;0.22;0.5765755169578073
0.30000000000000426;0.4;0.22;0.5593145482870755
0.15000000000000213;0.4;0.22;0.5506945380032254
0.20000000000000284;0.4;0.22;0.5387768611534369
0.15000000000000213;0.4;0.22;0.5298467879653889
0.20000000000000284;0.4;0.22;0.5180004404528844
0.20000000000000284;0.4;0.22;0.5061937561936682
0.15000000000000213;0.4;0.22;0.4972639392023217
0.20000000000000284;0.4;0.22;0.48588996389532757
0.30000000000000426;0.4;0.22;0.46922467585184857
0.15000000000000213;0.4;0.22;0.4614598564729737
0.25000000000000355;0.4;0.22;0.4481463553128793
0.20000000000000284;0.4;0.22;0.43764281996728416
0.25000000000000355;0.4;0.22;0.42443620329040804
0.20000000000000284;0.4;0.22;0.41388250096554335
0.25000000000000355;0.4;0.22;0.40174782300280004
0.15000000000000213;0.4;0.22;0.3935028179423401
0.4000000000000057;0.4;0.22;0.3696815973683104
0.20000000000000284;0.4;0.22;0.3575451364829523
0.20000000000000284;0.4;0.22;0.3450795337231322
0.20000000000000284;0.4;0.22;0.3327813044115527
0.20000000000000284;0.4;0.22;0.32113167716238494
0.20000000000000284;0.4;0.22;0.309574247753365
0.20000000000000284;0.4;0.22;0.2984118616590133
0.20000000000000284;0.4;0.22;0.2870353307794769
0.25000000000000355;0.4;0.22;0.27385871994903854
0.20000000000000284;0.4;0.22;0.2635600538838999
0.20000000000000284;0.4;0.22;0.2530303759999631
0.10000000000000142;0.4;0.22;0.2477607165753233
0.20000000000000284;0.4;0.22;0.23703898240874494
0.25000000000000355;0.4;0.22;0.22323661851147952
0.25000000000000355;0.4;0.22;0.2087871769082142
0.25000000000000355;0.4;0.22;0.19436228432417255
0.350000000000005;0.4;0.22;0.17414355169363774
0.20000000000000284;0.4;0.22;0.16266269413849327
0.30000000000000426;0.4;0.22;0.14538312359275957
0.20000000000000284;0.4;0.22;0.13422666407748446
0.20000000000000284;0.4;0.22;0.12474433775485465
0.30000000000000426;0.4;0.22;0.10828503598394744
0.19999999999998863;0.4;0.22;0.09693356026624265
0.2499999999999858;0.4;0.22;0.0830236490962221
0.29999999999998295;0.4;0.22;0.06483753011602991
0.2499999999999858;0.4;0.22;0.05160391561580624
0.2499999999999858;0.4;0.22;0.03715420057756572
0.2499999999999858;0.4;0.22;0.023030598146414713
0.2499999999999858;0.4;0.22;0.009131426607117014
0.14999999999999147;0.4;0.22;0.0007999018209574847
0.19999999999998863;0.4;0.22;-0.010331722263582456
0.2499999999999858;0.4;0.22;-0.024148749722014206
0.19999999999998863;0.4;0.22;-0.03544224833003201
0.3499999999999801;0.4;0.22;-0.055358144970009876
0.2499999999999858;0.4;0.22;-0.06954006446497517
0.19999999999998863;0.4;0.22;-0.08084045933735379
0.2499999999999858;0.4;0.22;-0.09487781173334313
0.2499999999999858;0.4;0.22;-0.1086587586956699
0.19999999999998863;0.4;0.22;-0.11917043532507648
0.2499999999999858;0.4;0.22;-0.13191905266082452
0.2499999999999858;0.4;0.22;-0.14426812307230605
0.3499999999999801;0.4;0.22;-0.16132876037705415
0.2499999999999858;0.4;0.22;-0.17350234798989134
0.2499999999999858;0.4;0.22;-0.18571374855136943
0.2499999999999858;0.4;0.22;-0.1979842389137691
0.19999999999998863;0.4;0.22;-0.20784236308791942
0.19999999999998863;0.4;0.22;-0.21746194925103068
0.2499999999999858;0.4;0.22;-0.2304340989596741
0.29999999999998295;0.4;0.22;-0.24557730024061072
0.29999999999998295;0.4;0.22;-0.2600861915484252
0.2499999999999858;0.4;0.22;-0.2723486587675948
0.19999999999998863;0.4;0.22;-0.28234810864337695
0.2499999999999858;0.4;0.22;-0.2947309686063472
0.29999999999998295;0.4;0.22;-0.3096640253006763
0.19999999999998863;0.4;0.22;-0.3193354117457121
0.2499999999999858;0.4;0.22;-0.33177418410112935
0.2499999999999858;0.4;0.22;-0.3437073631544777
0.3499999999999801;0.4;0.22;-0.3610629749913306
0.2499999999999858;0.4;0.22;-0.3739521681615799
0.2499999999999858;0.4;0.22;-0.38703775457698303
0.2499999999999858;0.4;0.22;-0.40012740934262003
0.2499999999999858;0.4;0.22;-0.4121078619016048
0.2499999999999858;0.4;0.22;-0.4251255608113343
0.2499999999999858;0.4;0.22;-0.43690048889174143
0.19999999999998863;0.4;0.22;-0.4472408162179828
0.29999999999998295;0.4;0.22;-0.46309628898975763
0.2499999999999858;0.4;0.22;-0.47691458642995443
0.2499999999999858;0.4;0.22;-0.49106185093248367
0.19999999999998863;0.4;0.22;-0.5026243189015008
0.29999999999998295;0.4;0.22;-0.5204394184480063
0.14999999999999147;0.4;0.22;-0.5293869174457849
0.2499999999999858;0.4;0.22;-0.544336078923068
0.2499999999999858;0.4;0.22;-0.5593197361073514
0.29999999999998295;0.4;0.22;-0.5772805807781262
0.29999999999998295;0.4;0.22;-0.5951022183125038
0.2499999999999858;0.4;0.22;-0.6098163743755028
0.19999999999998863;0.4;0.22;-0.6215270946188477
0.2499999999999858;0.4;0.22;-0.6361294783798748
0.14999999999999147;0.4;0.22;-0.6448647790415124
0.14999999999999147;0.4;0.22;-0.6535810818489024
0.19999999999998863;0.4;0.22;-0.6651999744657812
0.2499999999999858;0.4;0.22;-0.679719825996752
0.19999999999998863;0.4;0.22;-0.6913413331086788
0.19999999999998863;0.4;0.22;-0.702652456078318
0.19999999999998863;0.4;0.22;-0.7126770803904449
0.19999999999998863;0.4;0.22;-0.7239172286015604
0.14999999999999147;0.4;0.22;-0.7325078158970414
0.2499999999999858;0.4;0.22;-0.7469830490364372
0.19999999999998863;0.4;0.22;-0.7583440792910522
0.2499999999999858;0.4;0.22;-0.7728184661390136
0.3499999999999801;0.0;0.0;-0.7728628130696471
0.19999999999998863;-0.1;0.1;-0.7616342614829731
0.19999999999998863;-0.1;0.1;-0.7498648035362689
0.19999999999998863;-0.1;0.1;-0.7374952331283741
0.14999999999999147;-0.1;0.1;-0.7281199987315048
0.2499999999999858;-0.1;0.1;-0.7120602301100948
0.19999999999998863;-0.1;0.1;-0.699149763106651
0.2499999999999858;-0.1;0.1;-0.6831622266332311
0.3499999999999801;-0.1;0.1;-0.6614961919517909
0.19999999999998863;-0.1;0.1;-0.6490022545188716
0.19999999999998863;-0.1;0.1;-0.6366698172053443
0.19999999999998863;-0.1;0.1;-0.6244657790377129
0.2499999999999858;-0.1;0.1;-0.6093593643614309
0.14999999999999147;-0.1;0.1;-0.6001445722360942
0.14999999999999147;-0.1;0.1;-0.5909019988828478
0.14999999999999147;-0.1;0.1;-0.5814899140160538
0.29999999999998295;-0.1;0.1;-0.5626856727072921
0.19999999999998863;-0.1;0.1;-0.5505039056745461
0.19999999999998863;-0.1;0.1;-0.5391271744056421
0.2499999999999858;-0.1;0.1;-0.5239848707736272
0.2499999999999858;-0.1;0.1;-0.5083964393297323
0.19999999999998863;-0.1;0.1;-0.49557804813282214
0.09999999999999432;-0.1;0.1;-0.48959708615363934
0.2499999999999858;-0.1;0.1;-0.4748555733671233
0.29999999999998295;-0.1;0.1;-0.4573050744240035
0.19999999999998863;-0.1;0.1;-0.4456429413964071
0.14999999999999147;-0.1;0.1;-0.43675879338724255
0.19999999999998863;-0.1;0.1;-0.4249861218056948
0.2499999999999858;-0.1;0.1;-0.4100008446789941
0.14999999999999147;-0.1;0.1;-0.4013940454869198
0.19999999999998863;-0.1;0.1;-0.38962052635838934
0.14999999999999147;-0.1;0.1;-0.38085578986409435
0.3499999999999801;-0.1;0.1;-0.3601193088771674
0.19999999999998863;-0.1;0.1;-0.3483123070360605
0.19999999999998863;-0.1;0.1;-0.3367080306593145
0.19999999999998863;-0.1;0.1;-0.3243330257168463
0.19999999999998863;-0.1;0.1;-0.31244665315859715
0.14999999999999147;-0.1;0.1;-0.3038474278971797
0.2499999999999858;-0.1;0.1;-0.28967606557435066
0.19999999999998863;-0.1;0.1;-0.27748052189355343
0.39999999999997726;-0.1;0.1;-0.25468394409092854
0.14999999999999147;-0.1;0.1;-0.24603750879790315
0.19999999999998863;-0.1;0.1;-0.234782359772364
0.19999999999998863;-0.1;0.1;-0.22370944908373114
0.19999999999998863;-0.1;0.1;-0.21184960053967122
0.19999999999998863;-0.1;0.1;-0.2009478086072882
0.19999999999998863;-0.1;0.1;-0.18991681570791238
0.19999999999998863;-0.1;0.1;-0.17829831158572226
0.2499999999999858;-0.1;0.1;-0.16393430509297327
0.19999999999998863;-0.1;0.1;-0.153034103749808
0.2499999999999858;-0.1;0.1;-0.13856211412069305
0.14999999999999147;-0.1;0.1;-0.130442468121735
0.14999999999999147;-0.1;0.1;-0.12188307307703379
0.19999999999998863;-0.1;0.1;-0.10997310909819254
0.14999999999999147;-0.1;0.1;-0.10101758143850736
0.19999999999998863;-0.1;0.1;-0.08928200001933317
0.29999999999998295;-0.1;0.1;-0.07129402881025065
0.14999999999999147;-0.1;0.1;-0.06264899003566082
0.2499999999999858;-0.1;0.1;-0.048001101172374466
0.14999999999999147;-0.1;0.1;-0.03988357582013324
0.19999999999998863;0.0;0.0;-0.039884726661386045
0.19999999999998863;0.8;0.8;-0.03537337554533699
0.14999999999999147;0.8068;0.7932;-0.036393535496070176
0.19999999999998863;0.8052;0.7948;-0.03866310105632709
0.29999999999998295;0.8018;0.7982;-0.041429604141713525
0.19999999999998863;0.7977;0.8023;-0.042571714990487355
0.19999999999998863;0.796;0.804;-0.04337834777303208
0.19999999999998863;0.7948;0.8052;-0.04241292055453392
0.19999999999998863;0.7962;0.8038;-0.040677652286764523
0.19999999999998863;0.7988;0.8012;-0.03902974991866328
0.19999999999998863;0.8013;0.7987;-0.03764482955070279
0.19999999999998863;0.8034;0.7966;-0.0365919211956513
0.3499999999999801;0.8049;0.7951;-0.03512473382500774
0.19999999999998863;0.8071;0.7929;-0.03443508785918052
0.19999999999999574;0.8082;0.7918;-0.034963014773927166
0.14999999999999147;0.8074;0.7926;-0.03502286420416873
0.19999999999998863;0.8073;0.7927;-0.035258950511029
0.19999999999998863;0.8069;0.7931;-0.03580854040867451
0.19999999999998863;0.8061;0.7939;-0.03657974826943607
0.19999999999998863;0.805;0.795;-0.0374212696619484
0.2499999999999858;0.8037;0.7963;-0.03857733142392093
0.29999999999998295;0.802;0.798;-0.03853856296108545
0.14999999999999147;0.802;0.798;-0.03809685295137731
0.19999999999998863;0.8027;0.7973;-0.0400047077444281
0.14999999999999147;0.7998;0.8002;-0.04120804371911302
0.19999999999998863;0.798;0.802;-0.0415820947939901
0.14999999999999147;0.7975;0.8025;-0.041241711692763104
0.19999999999998863;0.798;0.802;-0.040008830896011004
0.2499999999999858;0.7998;0.8002;-0.03953200969316764
0.19999999999998863;0.8005;0.7995;-0.038552011387060284
0.14999999999999147;0.802;0.798;-0.038390245728962394
0.2499999999999858;0.8022;0.7978;-0.03723168471910333
0.2499999999999858;0.804;0.796;-0.03724781933902473
0.19999999999998863;0.804;0.796;-0.036664675445704356
0.19999999999998863;0.8048;0.7952;-0.038688167767074746
0.19999999999998863;0.8018;0.7982;-0.04049919351165754
0.3499999999999801;0.7991;0.8009;-0.040346728275197676
0.19999999999998863;0.7993;0.8007;-0.040187093934444855
0.2499999999999858;0.7995;0.8005;-0.04025178592057092
0.19999999999998863;0.7994;0.8006;-0.040448788358616934
0.19999999999998863;0.7992;0.8008;-0.040788214827991116
0.2499999999999858;0.7986;0.8014;-0.041465822925088186
0.19999999999998863;0.7976;0.8024;-0.04214452213070062
0.19999999999998863;0.7966;0.8034;-0.042968561744044315
0.3499999999999801;0.7954;0.8046;-0.04488241035265762
0.19999999999998863;0.7925;0.8075;-0.04432938920277949
0.2499999999999858;0.7933;0.8067;-0.04165467781418729
0.19999999999998863;0.7973;0.8027;-0.040074895289577764
0.19999999999998863;0.7997;0.8003;-0.03854970819775273
0.19999999999998863;0.802;0.798;-0.037483934732280386
0.19999999999998863;0.8036;0.7964;-0.03675198055626897
0.29999999999998295;0.8047;0.7953;-0.03541788350334284
0.19999999999998863;0.8067;0.7933;-0.03467543121796841
0.2499999999999858;0.8078;0.7922;-0.034991322524002874
0.19999999999998863;0.8073;0.7927;-0.03552085955353735
0.19999999999998863;0.8065;0.7935;-0.03624060427911637
0.19999999999998863;0.8055;0.7945;-0.03682663922723916
0.14999999999999147;0.8046;0.7954;-0.03719086027661798
0.19999999999998863;0.804;0.796;-0.037724810494596514
0.2499999999999858;0.8032;0.7968;-0.03762055794113474
0.19999999999998863;0.8034;0.7966;-0.037334380898076405
0.2499999999999858;0.8038;0.7962;-0.03588554404294661
0.2499999999999858;0.806;0.794;-0.03472650415577919
0.19999999999998863;0.8077;0.7923;-0.0341698018844598
0.2499999999999858;0.8086;0.7914;-0.033918241618449474
0.19999999999998863;0.8089;0.7911;-0.03337911063334178
0.19999999999998863;0.8098;0.7902;-0.0334404208201603
0.2499999999999858;0.8097;0.7903;-0.03328547622281355
0.2499999999999858;0.8097;0.7903;-0.03283391560377378
0.29999999999998295;-0.4;-0.4;-0.03333582620624847
0.19999999999998863;-0.4;-0.4;-0.03348707231399201
0.2499999999999858;-0.4;-0.4;-0.03205828494446626
0.19999999999998863;-0.4;-0.4;-0.031458323855787666
0.09999999999999432;-0.4;-0.4;-0.031190787738762174
0.19999999999998863;-0.4;-0.4;-0.03031803088831782
0.2499999999999858;-0.4;-0.4;-0.029803639560116675
0.19999999999998863;-0.4;-0.4;-0.02893255642659969
0.19999999999998863;-0.4;-0.4;-0.02772000769933964
0.2499999999999858;-0.4;-0.4;-0.026258816072372418
0.2499999999999858;-0.4;-0.4;-0.0246347441048137
0.19999999999998863;-0.4;-0.4;-0.023306156237498182
0.19999999999998863;-0.4;-0.4;-0.02199262581354187
0.19999999999998863;-0.4;-0.4;-0.02104090665648523
0.29999999999998295;-0.4;-0.4;-0.019706916202625113
0.2499999999999858;-0.4;-0.4;-0.018823874280145213
0.19999999999998863;-0.4;-0.4;-0.017905517108046217
0.14999999999999147;-0.4;-0.4;-0.017094745061294724
0.14999999999999147;-0.4;-0.4;-0.01614007279339266
0.14999999999999147;-0.4;-0.4;-0.015135955146483915
0.14999999999999147;-0.4;-0.4;-0.01400076004337817
0.19999999999998863;-0.4;-0.4;-0.01244811735123532
0.3499999999999801;-0.4;-0.4;-0.00974427744339686
0.2499999999999858;-0.4;-0.4;-0.008566724541504025
0.19999999999998863;-0.4;-0.4;-0.0072283409244167035
0.14999999999999147;-0.4;-0.4;-0.006223232036527453
0.19999999999998863;-0.4;-0.4;-0.004983101475660172
0.19999999999998863;-0.4;-0.4;-0.003967214161388035
0.2499999999999858;-0.4;-0.4;-0.0024305920862730127
0.14999999999999147;-0.4;-0.4;-0.0036114194952219965
0.3499999999999801;-0.4;-0.4;-0.003202068948629754
0.19999999999998863;-0.4;-0.4;-0.003846069314839453
0.19999999999998863;-0.4;-0.4;-0.004266666535507703
0.2499999999999858;-0.4;-0.4;-0.005498098868353593
0.19999999999998863;-0.4;-0.4;-0.006194458652287741
0.2499999999999858;-0.4;-0.4;-0.007455655312370542
0.19999999999998863;-0.4;-0.4;-0.008934321252290371
0.19999999999998863;0.8;-0.8;-0.043674027725976464
0.2499999999999858;0.8;-0.8;-0.1628141714511937
0.19999999999998863;0.8;-0.8;-0.2580297287164008
0.19999999999998863;0.8;-0.8;-0.35424447350032806
0.19999999999998863;0.8;-0.8;-0.44924908287799437
0.19999999999998863;0.8;-0.8;-0.5448099594089105
0.29999999999998295;0.8;-0.8;-0.6888279066176546
0.2499999999999858;0.8;-0.8;-0.811789389923468
0.14999999999999147;0.8;-0.8;-0.8840371858130591
0.29999999999998295;0.8;-0.8;-1.0281494117335876
0.29999999999998295;0.8;-0.8;-1.170916569235021
0.14999999999999147;0.8;-0.8;-1.2428929991238926
0.19999999999998863;0.8;-0.8;-1.3386393722400403
0.2499999999999858;0.8;-0.8;-1.455693661235837
0.19999999999998863;0.8;-0.8;-1.5502691948769747
0.19999999999998863;0.8;-0.8;-1.6463616443839055
0.19999999999998863;0.8;-0.8;-1.7431412996178743
0.29999999999998295;0.8;-0.8;-1.8864467060833092
0.14999999999999147;0.7992;-0.7992;-1.9581386466378126
0.2499999999999858;0.7562;-0.7562;-2.070461154488189
0.14999999999999147;0.6888;-0.6888;-2.1317128127651817
0.14999999999999147;0.6521;-0.6521;-2.1895481627215525
0.19999999999998863;0.6174;-0.6174;-2.263393505879868
0.19999999999998863;0.5731;-0.5731;-2.3329085505446447
0.14999999999999147;0.5314;-0.5314;-2.3800424931127355
0.29999999999998295;0.5031;-0.5031;-2.469639747629845
0.19999999999998863;0.4493;-0.4493;-2.524016600502318
0.2499999999999858;0.4167;-0.4167;-2.5852200598665243
0.2499999999999858;0.38;-0.38;-2.6414637751415784
0.2499999999999858;0.3462;-0.3462;-2.692522467937585
0.19999999999998863;0.3156;-0.3156;-2.730531618650348
0.19999999999998863;0.2928;-0.2928;-2.7648454308277794
0.14999999999999147;0.2722;-0.2722;-2.7889647559808224
0.3499999999999801;0.2577;-0.2577;-2.843347426062988
0.14999999999999147;0.2251;-0.2251;-2.863411253386032
0.19999999999998863;0.2131;-0.2131;-2.888822823822731
0.19999999999998863;0.1978;-0.1978;-2.9118887663818787
0.2499999999999858;0.184;-0.184;-2.9391066950332956
0.19999999999998863;0.1676;-0.1676;-2.9590271283770817
0.19999999999998863;0.1557;-0.1557;-2.977279979587097
0.2499999999999858;0.1447;-0.1447;-2.998625714177
0.29999999999998295;0.1319;-0.1319;-3.0213420510517723
0.19999999999998863;0.1183;-0.1183;-3.034518046025234
0.2499999999999858;0.1104;-0.1104;-3.050805093153172
0.19999999999998863;0.1006;-0.1006;-3.0620218143517683
0.2499999999999858;0.0939;-0.0939;-3.0758407521181574
0.19999999999998863;0.0856;-0.0856;-3.0866634365389256
0.19999999999998863;0.0791;-0.0791;-3.0957768622509514
0.14999999999999147;0.0736;-0.0736;-3.1025469328342545
0.29999999999998295;0.0696;-0.0696;-3.1156282531130883
0.19999999999998863;0.0617;-0.0617;-3.123877301609989
0.2499999999999858;0.0568;-0.0568;-3.1327858108963493
0.14999999999999147;0.0514;-0.0514;-3.136726545596335
0.2499999999999858;0.0491;-0.0491;-3.14503308349337
0.19999999999998863;0.0441;-0.0441;-3.150775191296341
0.2499999999999858;0.0406;-0.0406;-3.1557122422678634
0.2499999999999858;0.0377;-0.0377;-3.161101149306895
0.29999999999998295;0.0344;-0.0344;-3.1670775771596205
0.19999999999998863;0.0309;-0.0309;-3.1709574595947463
0.19999999999998863;0.0285;-0.0285;-3.174606194218668
0.19999999999998863;0.0263;-0.0263;-3.1780476294342113
0.14999999999999147;0.0243;-0.0243;-3.180495889572022
0.19999999999998863;0.0228;-0.0228;-3.1833215028483095
0.2499999999999858;0.0211;-0.0211;-3.185947187469306
0.2499999999999858;0.02;-0.02;-3.188993673097809
0.29999999999998295;0.02;-0.02;-3.192725331044843
0.2499999999999858;0.02;-0.02;-3.1959562035922895
0.2499999999999858;0.02;-0.02;-3.1984570269666994
0.2499999999999858;0.02;-0.02;-3.2013250620195124
0.29999999999998295;0.02;-0.02;-3.20392376126337
0.19999999999998863;0.02;-0.02;-3.2060953313501606
0.19999999999998863;0.02;-0.02;-3.2081580420763443
0.29999999999998295;0.02;-0.02;-3.210467749107161
0.2499999999999858;0.0;0.0;-3.2105634748187946
0.19999999999998863;0.8119;0.7881;-3.2145287327893017
0.2499999999999858;0.806;0.794;-3.2134511610808194
0.19999999999998863;0.8076;0.7924;-3.212728897241083
0.14999999999999147;0.8087;0.7913;-3.2123498029316058
0.2499999999999858;0.8092;0.7908;-3.2127290600671974
0.19999999999998863;0.8087;0.7913;-3.2136122036655914
0.29999999999998295;0.8073;0.7927;-3.2162727176406443
0.14999999999999147;0.8034;0.7966;-3.217146519373064
0.19999999999998863;0.802;0.798;-3.2187219623663728
0.14999999999999147;0.7997;0.8003;-3.2197836977278476
0.14999999999999147;0.7981;0.8019;-3.220541291664768
0.14999999999999147;0.797;0.803;-3.221133118618434
0.14999999999999147;0.7961;0.8039;-3.2209913031976045
0.19999999999998863;0.7963;0.8037;-3.219067170655853
0.29999999999998295;0.7992;0.8008;-3.219189764160378
0.19999999999998863;0.799;0.801;-3.22066362994189
0.14999999999999147;0.7968;0.8032;-3.221469259856714
0.19999999999998863;0.7956;0.8044;-3.222498253420908
0.19999999999998863;0.794;0.806;-3.2232921439059603
0.19999999999998863;0.7928;0.8072;-3.224032781674668
0.14999999999999147;0.7917;0.8083;-3.2244333843454216
0.29999999999998295;0.7911;0.8089;-3.225102772091463
0.29999999999998295;0.7901;0.8099;-3.225584298922674
0.19999999999998863;0.7894;0.8106;-3.2259647978865607
0.19999999999998863;0.7888;0.8112;-3.226135280203276
0.14999999999999147;0.7886;0.8114;-3.2262819652807497
0.19999999999998863;0.7883;0.8117;-3.2265101864779266
0.3499999999999801;0.788;0.812;-3.226790545793809
0.29999999999998295;0.7876;0.8124;-3.2268238901993023
0.3499999999999801;0.7875;0.8125;-3.2269148218167554
0.19999999999998863;0.7874;0.8126;-3.226891070353268
0.19999999999998863;0.7874;0.8126;-3.226994696450634
0.14999999999999147;0.7873;0.8127;-3.226962347528999
0.2499999999999858;0.7873;0.8127;-3.2267245333486345
0.14999999999999147;0.7877;0.8123;-3.2267358874842893
0.19999999999998863;0.7877;0.8123;-3.226780408445395
0.14999999999999147;0.7876;0.8124;-3.2267833887643858
0.19999999999998863;0.7876;0.8124;-3.226044242170322
0.3499999999999801;0.7887;0.8113;-3.226265077234035
0.14999999999999147;0.7884;0.8116;-3.226452612727866
0.2499999999999858;0.7881;0.8119;-3.226356213399698
0.19999999999998863;0.7882;0.8118;-3.2253549260636687
0.2499999999999858;0.7897;0.8103;-3.2258456171057324
0.19999999999998863;0.789;0.811;-3.2260722659107106
0.2499999999999858;0.7887;0.8113;-3.2260878206823196
0.19999999999998863;0.7886;0.8114;-3.226223510504202
0.0;0.7884;0.8116;-3.226223510504202
0.0;0.7884;0.8116;-3.226223510504202
0.0;0.7884;0.8116;-3.226223510504202
0.0;0.7884;0.8116;-3.226223510504202
0.0;0.7884;0.8116;-3.226223510504202
0.0;0.7884;0.8116;-3.226223510504202
0.0;0.7884;0.8116;-3.226223510504202
0.0;0.7884;0.8116;-3.226223510504202
0.0;0.7884;0.8116;-3.226223510504202
0.0;0.7884;0.8116;-3.226223510504202
0.0;0.7884;0.8116;-3.226223510504202
0.0;0.7884;0.8116;-3.226223510504202
0.0;0.7884;0.8116;-3.226223510504202
0.0;0.7884;0.8116;-3.226223510504202
0.0;0.7884;0.8116;-3.226223510504202
0.0;0.7884;0.8116;-3.226223510504202
0.0;0.7884;0.8116;-3.226223510504202
0.0;0.7884;0.8116;-3.226223510504202
0.0;0.7884;0.8116;-3.226223510504202
0.0;0.7884;0.8116;-3.226223510504202
0.0;0.7884;0.8116;-3.226223510504202
0.0;0.7884;0.8116;-3.226223510504202
0.0;0.7884;0.8116;-3.226223510504202
0.0;0.7884;0.8116;-3.226223510504202
0.0;0.7884;0.8116;-3.226223510504202
0.0;0.7884;0.8116;-3.226223510504202
0.0;0.7884;0.8116;-3.226223510504202
0.0;0.7884;0.8116;-3.226223510504202
0.0;0.7884;0.8116;-3.226223510504202
0.0;0.7884;0.8116;-3.226223510504202
0.0;0.7884;0.8116;-3.226223510504202
0.0;0.7884;0.8116;-3.226223510504202
0.0;0.7884;0.8116;-3.226223510504202
0.0;0.7884;0.8116;-3.226223510504202
0.0;0.7884;0.8116;-3.226223510504202
0.0;0.7884;0.8116;-3.226223510504202
0.0;0.7884;0.8116;-3.226223510504202
0.0;0.7884;0.8116;-3.226223510504202
0.0;0.7884;0.8116;-3.226223510504202
0.0;0.7884;0.8116;-3.226223510504202
0.0;0.7884;0.8116;-3.226223510504202
0.0;0.7884;0.8116;-3.226223510504202
0.0;0.7884;0.8116;-3.226223510504202
0.0;0.7884;0.8116;-3.226223510504202
0.0;0.7884;0.8116;-3.226223510504202
0.0;0.7884;0.8116;-3.226223510504202
0.0;0.7884;0.8116;-3.226223510504202
0.0;0.7884;0.8116;-3.226223510504202
0.0;0.7884;0.8116;-3.226223510504202
